-98.77480646486593
-105.18313156906166
-112.02955774324485
-119.3434120923803
-127.15717033201274
-135.50721706218215
-144.43512433489485
-153.98901007971332
-164.22509357870953
-175.21034689692328
-187.0251243101307
-199.7668709179156
-213.5548278738958
-228.53619366174172
-244.89420607240464
-262.8590449650101
-282.722714689743
-304.85984782324203
-329.75731441373824
-358.05745709730724
-390.6228483495644
-428.6363367628466
-473.7610101830189
-528.4067804878971
-596.1967799552103
-682.8333617236754
-797.8295836394369
-958.317317830936
-1198.5652740107187
-1598.5294058064192
-2398.0494502471734
