1.2851251553090207e-16
1.274441786050357e-16
1.2626251279482374e-16
1.2500660823119764e-16
1.2366012171337406e-16
1.2222183388404357e-16
1.207197359788017e-16
1.1901185356694473e-16
1.172609209913231e-16
1.1546881459596857e-16
1.1343622358242688e-16
1.113887548125289e-16
1.0922975551820264e-16
1.0696749636055766e-16
1.0468293897654256e-16
1.0218284820971651e-16
9.971644205382165e-17
9.714155546312694e-17
9.451619464321919e-17
9.18810936704982e-17
8.923805970898024e-17
8.661409392408407e-17
8.403872119618662e-17
8.154582986211479e-17
7.917250985444444e-17
7.695776645221578e-17
7.49410653526751e-17
7.3160527394812e-17
7.165124780494724e-17
7.044378949312089e-17
6.956297734117006e-17
