-58.10358070844801
-62.66144001222028
-67.64694929518782
-73.10455874958552
-79.08391897433376
-85.64067118896946
-92.83748499153535
-100.74530167341754
-109.44487146474249
-119.02884634306058
-129.60432506074085
-141.29621932774074
-154.25165311511026
-168.64578501788864
-184.68959897348708
-202.64048710273084
-222.8168346309054
-245.6184873661447
-271.556033546732
-301.2936566302272
-335.71347632782135
-376.01507995636706
-423.87486933279115
-481.71181391518843
-553.1527433592
-643.896845610223
-763.4452278738914
-928.9067916204638
-1174.5140449207072
-1580.1718706853067
-2385.6536581362716
