2.2351632197412962e-10
1.7781986307395183e-10
2.1389170127750063e-10
2.2627322265974025e-10
2.812833468222729e-10
2.485690207648138e-10
3.161453453970013e-10
3.1126476423174396e-10
3.244198258569998e-10
4.027051938598793e-10
4.2439979706165335e-10
2.970465927947503e-10
2.9996360064503045e-10
3.327004207956372e-10
2.8049827441876586e-10
2.76471887812881e-10
2.513766932131445e-10
2.4268339657926637e-10
1.26593405979052e-10
5.892211789725503e-11
2.938467329902649e-11
7.416275721902125e-12
6.965654061243061e-11
2.0786195883041442e-11
5.7069296247850166e-11
2.555074499893124e-10
4.028989451935201e-11
1.0873416482892738e-10
7.077323235780054e-11
-1.02909681661589e-15
-2.520619072160901e-16
