6.592854275069298
7.10115632305393
7.643058285782972
8.219230013774938
8.830075188436291
9.475722428017203
10.15598651634417
10.870357242612195
11.617977578153157
12.397637162238754
13.207762928741646
14.046413997773339
14.911276703681791
15.799655537436923
16.708449552495974
17.634133439508705
18.572711193188457
19.519658886374113
20.469858055182844
21.41750575884922
22.35602200013222
23.277959334188857
24.17492325079032
25.03753521780354
25.855452823130168
26.617478320632806
27.311781484085717
27.92625374195262
28.448997205185606
28.868928718834383
29.17645240278224
