-194.1421181671312
-206.50433517812786
-219.68752858025155
-233.7451996577593
-248.73670832361395
-264.72926096780793
-281.79991417492425
-300.03845435954264
-319.5508141444261
-340.4635127266324
-362.9291876857876
-387.1336476680227
-413.3049425410294
-441.7251153349893
-472.74567413961745
-506.80846074435954
-544.4740739084592
-586.4615475277111
-633.7049895159773
-687.4361665686781
-749.3083885729992
-821.5878791200687
-907.4597949966817
-1011.5380374654666
-1140.7568799682795
-1306.0259706848376
-1525.5389756691734
-1832.050603180482
-2291.066592502742
-3055.4107264865365
-4583.4903859644
