-126.41272307839924
-136.21178270049273
-146.914357832002
-158.61237715528006
-171.40831657757877
-185.4169445678558
-200.76734687890507
-217.6055520707112
-236.0978197123709
-256.43486031370435
-278.8372387947204
-303.5624152325106
-330.9139488467123
-361.2536885872768
-395.01811023365815
-432.74047556755295
-475.0814142392558
-522.8717682244499
-577.173956311191
-639.3717032234157
-711.3048173889173
-795.4776484095147
-895.3928822102124
-1016.1082104891428
-1165.210982226237
-1354.628864899666
-1604.2519164118353
-1949.9019673227335
-2463.2568887937155
-3311.623905364261
-4997.03242756574
