17.586766777200612
18.482352220791842
19.39669755440609
20.324338369768807
21.25891776900671
22.193213501899063
23.119242345871115
24.02818485946125
24.910709169491046
25.756945133450515
26.556585117713023
27.29894297821737
27.972923697196347
28.566867678993976
29.06825090934155
29.463186328078155
29.735733825859963
29.86704569839428
29.834495587139756
29.61106992841573
29.1653722807433
28.462699310564485
27.467477923643376
26.147016136098536
24.476039862025154
22.441060789297634
20.0435610604816
17.301312220005485
14.2477422402906
10.92980199499375
7.405037478503052
