1.6523815891471772e-10
1.24721428084853e-10
1.3833637505875468e-10
1.6868612073292596e-10
1.8386632717044567e-10
1.8328008424104489e-10
1.8462138120712431e-10
2.5661003414633297e-10
3.9161033119613923e-10
2.464404443704251e-10
2.4809788397141775e-10
3.537722712091701e-10
2.509870116765318e-10
2.8209756735042683e-10
1.9538422843364542e-10
1.3597076476674723e-10
1.9241595995725786e-10
1.6748643766797917e-10
8.029476475800532e-11
8.829220814556251e-11
2.0267678531111283e-11
2.9210176411770624e-12
2.0429352667868992e-11
1.1267389360605078e-11
1.500021170902403e-11
2.4831376961287062e-11
3.8852104967851077e-11
4.2825390287377076e-12
5.1594245923346945e-11
4.805753595991819e-13
1.4251326666304706e-10
