1.3598690833612638e-16
1.3419017879237833e-16
1.3221158944836228e-16
1.3026867082242776e-16
1.2800569171857933e-16
1.2569293288086034e-16
1.2328200182485065e-16
1.2061701971486065e-16
1.1787476758867002e-16
1.1498397141770445e-16
1.1195728678505047e-16
1.0881340677050999e-16
1.0561777986980272e-16
1.0226883453055992e-16
9.875847648192196e-17
9.529286971876792e-17
9.170719326698969e-17
8.830456191460324e-17
8.457381608501572e-17
8.103809197633123e-17
7.756275137720909e-17
7.418010125257136e-17
7.092065296520161e-17
6.781795077952731e-17
6.490646991912155e-17
6.222087479073699e-17
5.979746663493798e-17
5.767089687171775e-17
5.587499461432894e-17
5.444087151618173e-17
5.339535990748709e-17
