3.389268798133736
3.657779907013407
3.945120736678832
4.251848568160497
4.5784048724552555
4.92509093386944
5.2920655526015805
5.6793288759205405
6.086691324368374
6.513797138818257
6.960096850420471
7.424844626568225
7.907089947840385
8.405671366430811
8.919201032991614
9.446048273690728
9.984313326381093
10.531797398416092
11.085958251942523
11.643856502139554
12.202082669539445
12.756668316227884
13.302970888750318
13.835545649787148
14.348012194865493
14.832958502376723
15.281935893111605
15.685613971669344
16.034152721956307
16.317808996542936
16.527722814534126
