1.2850639057831068e-16
1.2743328864424322e-16
1.2626193435397804e-16
1.250078432210479e-16
1.2366070390613871e-16
1.222129704898534e-16
1.2066631125026587e-16
1.190097597085408e-16
1.1726754159014115e-16
1.1540388309089365e-16
1.1344775339571444e-16
1.1138931110486845e-16
1.0924610903303037e-16
1.0700020801493847e-16
1.0467945900491092e-16
1.0233630352115695e-16
9.984582136563817e-17
9.728094676418208e-17
9.472773497201697e-17
9.21551231635282e-17
8.958620758667582e-17
8.704503955542602e-17
8.455898205967184e-17
8.21588699881342e-17
7.987797533278082e-17
7.775145495853268e-17
7.581523847934965e-17
7.41046920343409e-17
7.265313105762962e-17
7.149030144706862e-17
7.064095531052723e-17
