-103.64300931076968
-111.69500217339547
-120.49188895663754
-130.10977400894046
-140.63352156722885
-152.15819672273938
-164.79074465873873
-178.65216042348925
-193.88021136915668
-210.63292579497065
-229.093046569556
-249.47385985188453
-272.02678549532254
-297.05145183896815
-324.9091708389269
-356.04124743628466
-390.99420373425374
-430.45516561656143
-475.30249847969344
-526.6798853751095
-586.1075791100412
-655.6544973190322
-738.2137970876729
-837.9624932370605
-961.166220879587
-1117.6743574046022
-1323.9109613886299
-1609.4556149986556
-2033.4962548522644
-2734.188116725083
-4126.089032740528
