40.67122557760484
42.521691419030866
44.38260828763681
46.238853178745366
48.073251160780124
49.866545705428045
51.59763913786548
53.24370821175505
54.78022191931538
56.18150032230746
57.42079901596886
58.47065143422479
59.30317460880292
59.890408485819584
60.20460697269339
60.21855774477847
59.90587995828662
59.24136036609048
58.20128082269822
56.763800447930315
54.90937201292748
52.62125680444001
49.886140832813695
46.6949665680316
43.04403658459644
38.9365160687389
34.384355759501105
29.410526196879996
24.051229082934462
18.357535121110796
12.395792110900604
