0.0025522307732899208
0.0034313761761950445
0.00398634734301595
0.0032153274087249883
0.0032444117496197578
0.004097091808944242
0.002891387335694162
0.0029909662807767745
0.0030650975641037803
0.003186128131346777
0.0029253018510644324
0.002870744250685675
0.0027512039960129187
0.0028376276823109947
0.0026828631889657117
0.0027614961145445704
0.0024652982683619484
0.0025390990922460333
0.0025245772121706977
0.0022987427801126614
0.002600286912638694
0.002857177023543045
0.003364372765645385
0.0039014285430312157
0.00484148837858811
0.006087810266762972
0.007826858316548169
0.010954714613035321
0.016509883105754852
0.028628912288695574
0.06294558569788933
