0.9663356754438288	0.9382705043791224	0.9663356985226081	0.9382705098191764	0.9122734381315243	0.9191340489364414	0.9122734521597266	0.9191340336395258	0.9204729330349044	0.9198830030517127	0.9204729210937216	0.9198830055654613	0.9198743380193761	0.9199181334643678	0.9198743360359649	0.9199181397234792	0.9199181317462809	0.919874341171097	0.9199181332892558	0.9198743433103881	0.9198830053716109	0.9204729256846728	0.9198830031714504	0.9204729355959073	0.9191340362332373	0.91227341972627	0.9191340161529209	0.912273426473452	0.938270496612046	0.9663356689629523	0.9382704691077192	0.9663356781252203
0.963156431597614	0.9329458068162411	0.9631564622339635	0.932945811705577	0.9051161643681638	0.9131240661268659	0.9051161846783332	0.913124047414737	0.9146007498756711	0.9138688487520007	0.9146007380515372	0.91386884726469	0.9138696023542608	0.9139269545876456	0.9138696031287957	0.9139269514318928	0.9139269504064699	0.9138696063984203	0.913926943783607	0.9138696026936292	0.9138688500929986	0.9146007461559797	0.9138688464560221	0.9146007474363976	0.9131240487939984	0.905116137753927	0.9131240167699481	0.9051161431431982	0.9329457966469773	0.9631564215952292	0.9329457553375932	0.9631564362441161
0.9596621941754484	0.9271803398561759	0.9596622463521484	0.9271803516039173	0.897432104619264	0.906767645017184	0.8974321338208895	0.9067676117071067	0.9083822748407574	0.9074770487447382	0.908382239819232	0.907477036396677	0.9074933971698645	0.9075679874968612	0.9074933756862985	0.907567981564001	0.9075679879396582	0.9074933997583314	0.9075679736303893	0.9074933924914479	0.9074770723799057	0.9083822326196083	0.9074770046325288	0.908382199365539	0.9067675715501712	0.8974320178990439	0.9067675163303673	0.8974320362387037	0.927180290597185	0.9596621953471975	0.9271802887327334	0.9596622015977674
0.9558249892412379	0.9209500059001495	0.955825075188203	0.9209500503508612	0.889203444785253	0.900070133435114	0.8892034257427376	0.9000700736451454	0.9018175457787142	0.9007019040439725	0.9018174401776002	0.9007018881834797	0.9007425891494707	0.9008389065357413	0.9007426314602557	0.900838918717764	0.900838934748703	0.9007427278958863	0.9008389784002556	0.9007427059422727	0.9007020453395133	0.9018175322140537	0.9007019642619198	0.9018174936061588	0.9000700508442157	0.8892033030220722	0.9000699867706459	0.8892033153264483	0.9209499221500256	0.9558249859056581	0.9209499227041812	0.9558249905029959
0.9516154156412069	0.9142319697735753	0.9516154107955321	0.9142319698569991	0.8804156790056271	0.8930417943622283	0.88041566293345	0.8930417954411195	0.8949100062139105	0.8935408523945727	0.8949100000020901	0.8935408487225873	0.8936180133959786	0.8937411299865193	0.893618018674872	0.8937411261809983	0.8937411236097565	0.8936180160995109	0.893741121792941	0.8936180186499418	0.8935408461757927	0.8949100079714295	0.8935408500659581	0.8949100020487422	0.8930417954929808	0.8804156721625103	0.8930417937269374	0.8804156712154616	0.9142319775879689	0.9516154155890548	0.9142319723234288	0.9516154166220041
0.9470028013600333	0.9070055870058608	0.9470027936331336	0.9070055848059222	0.871058941069311	0.8856985446065236	0.8710589258420508	0.8856985543015624	0.8876666833975628	0.8859939162910881	0.8876666763439934	0.8859939233420896	0.8861241245178263	0.8862799617944213	0.8861241196088513	0.8862799612003717	0.886279958837909	0.886124128999086	0.886279953419083	0.8861241256736846	0.8859939162839036	0.8876666835687335	0.8859939099279185	0.887666680755068	0.8856985415993002	0.8710589400838394	0.8856985455578079	0.8710589351407719	0.9070055880198523	0.9470028027907691	0.9070055871031718	0.947002799654144
0.941955479104764	0.8992524127644705	0.941955475254164	0.8992524130237358	0.8611277290333065	0.8780613086995476	0.8611277299871523	0.8780613221659487	0.8800977303911436	0.878064275079157	0.8800977315682146	0.8780642729736915	0.8782696614849955	0.8784646375225431	0.8782696717132579	0.8784646146791656	0.8784646257010224	0.8782696722195882	0.8784646180717867	0.8782696494231951	0.878064260618374	0.8800977266667273	0.8780642505722208	0.8800977124057414	0.8780613032512978	0.861127727759897	0.8780612916228695	0.8611277227580999	0.8992524089761024	0.9419554802416619	0.899252404451775	0.9419554767932088
0.9364411110752433	0.8909571761619101	0.9364411014251222	0.89095716677499	0.8506220776809071	0.8701566330527128	0.8506220769178956	0.8701566271715355	0.8722167697267988	0.8697583315171584	0.872216764222179	0.8697583221460111	0.8700680298289436	0.8703087116450693	0.8700680131709009	0.87030869979701	0.870308704390256	0.8700680461604248	0.8703086807169721	0.8700680154194409	0.8697583164732837	0.8722167917760956	0.8697583011273483	0.8722167507456443	0.8701566284237323	0.8506220609410304	0.8701566199484662	0.8506220661267618	0.8909571511484682	0.9364410796252706	0.8909571413158789	0.936441089000904
0.9304271159083727	0.8821082367377376	0.9304270975131995	0.8821082261560776	0.8395479009234298	0.8620162244114039	0.8395478980638014	0.8620162294194783	0.8640405492012752	0.8610857405114113	0.8640405479554659	0.8610857385624131	0.8615374818586261	0.8618300730822096	0.8615374668430484	0.8618300732750317	0.8618300787423859	0.8615374785760258	0.8618300649803148	0.8615374649206559	0.8610857531885154	0.8640405605582973	0.8610857099814866	0.8640405423265343	0.8620162450834141	0.8395479015000754	0.8620162298497804	0.8395478810331247	0.8821082126205964	0.930427091962261	0.882108213249296	0.930427087637949
0.9238812559000447	0.8726982566338413	0.9238812416949757	0.8726982490163172	0.8279175018049094	0.8536766524853708	0.8279174925656761	0.8536766533748564	0.8555886374243484	0.8520594959297112	0.8555886324810371	0.8520594920625478	0.852701309230998	0.8530508519145916	0.8527013118644355	0.8530508493939708	0.8530508713464919	0.8527013096212708	0.8530508559213688	0.8527013016214215	0.8520594961200122	0.8555886218418031	0.852059491665926	0.8555886231464731	0.8536766512889551	0.8279174851036016	0.8536766464729117	0.827917475584153	0.872698236926739	0.9238812419388334	0.8726982422027353	0.9238812335857012
0.9167724825772368	0.8627248966145334	0.9167724600731084	0.8627248692819719	0.8157500177657377	0.8451785227436408	0.8157500104403297	0.8451785087964276	0.8468830484196195	0.8426959097336275	0.8468830453788294	0.842695894539775	0.8435881127144086	0.843997279754797	0.8435881084102098	0.8439972592577172	0.8439972757639882	0.8435881045139156	0.843997268811124	0.8435880959209286	0.8426959130633757	0.846883049830358	0.842695907491933	0.8468830420161512	0.8451785138975201	0.8157500076191231	0.8451785150539212	0.8157500048755161	0.8627248808724669	0.9167724566082212	0.8627248675634216	0.9167724702479267
0.9090718961436602	0.8521914435662095	0.9090718839139488	0.8521914211512421	0.8030718531252884	0.8365656448602508	0.8030718451499402	0.8365656351557309	0.8379479250007748	0.8330147405514378	0.8379479266222909	0.8330147359992751	0.8342318314613704	0.8346993352059696	0.8342318413161105	0.8346993331388496	0.8346993209222646	0.8342318386862907	0.8346993307238874	0.8342318371642294	0.8330147294860495	0.837947927558331	0.8330147317996774	0.8379479194047618	0.8365656285408023	0.8030718341797849	0.8365656327029775	0.8030718333641897	0.8521914125326417	0.9090718828515586	0.8521914224681099	0.9090718792955048
0.900754106529594	0.8411076946634205	0.9007540991820725	0.841107684563924	0.7899170728140148	0.8278839764598287	0.7899170675938341	0.8278839690135019	0.8288091270423981	0.8230393090054638	0.8288091176187236	0.823039294904242	0.8246720215508636	0.8251906510118714	0.8246720182032525	0.825190630993559	0.825190630820488	0.8246720401927612	0.82519062932277	0.8246720228329644	0.8230392815780959	0.8288091311099766	0.8230392922133479	0.8288091073652295	0.8278839550126316	0.7899170627984283	0.8278839604071632	0.7899170733602638	0.8411076927304515	0.9007541077451304	0.841107691290316	0.9007541159833782
0.8917989341892754	0.8294908719617956	0.891798928845767	0.8294908726575293	0.7763278938905435	0.8191802423628585	0.776327882109367	0.8191802442402991	0.8194938407358892	0.8127966696348528	0.8194938304433426	0.812796673745896	0.814953782019963	0.8155079543358015	0.8149537675863786	0.8155079568197602	0.8155079433398092	0.8149537869664752	0.8155079392957021	0.814953776409706	0.8127966688666843	0.819493839669003	0.8127966479532215	0.8194938348588379	0.8191802259536551	0.7763278751609071	0.8191802175904923	0.776327887296685	0.8294908699045327	0.8917989357945489	0.8294908638904089	0.8917989439413543
0.8821935164279846	0.8173667240591898	0.8821935178181756	0.8173667289348716	0.7623552302801488	0.8105006690858256	0.7623552282804575	0.8105006751821094	0.8100304745656044	0.8023179987257016	0.8100304652362145	0.8023180019800737	0.8051277777814478	0.8056907688382613	0.8051277709707104	0.8056907605473098	0.8056907712405728	0.8051277939610065	0.8056907645506893	0.805127784672006	0.8023180079649057	0.8100304884828758	0.8023180088840666	0.8100304665652733	0.8105006787971677	0.7623552366773502	0.8105006689032844	0.7623552245127222	0.8173667199707029	0.8821935185220767	0.8173667260811558	0.882193507422832
0.8719349759380554	0.804770860759517	0.8719349708604083	0.8047708613232821	0.7480593853109948	0.8018895689941957	0.7480593773109465	0.8018895803142438	0.8004485995525199	0.7916390526722649	0.800448591010778	0.7916390567925065	0.7952502449462612	0.7957810602982008	0.7952502412087149	0.7957810590857141	0.7957810639038245	0.7952502511725675	0.7957810542517889	0.7952502281171204	0.7916390385400109	0.8004485879466496	0.7916390346237482	0.8004485668507274	0.8018895631167821	0.7480593698875417	0.8018895550580969	0.7480593654291733	0.8047708561769366	0.8719349599654258	0.8047708448233167	0.8719349661340866
0.8610335714131251	0.7917503724667364	0.8610335620690706	0.7917503689127271	0.7335108093161058	0.7933880624604993	0.7335107992738527	0.7933880648884519	0.7907791471016803	0.7808007675947035	0.790779149516945	0.780800774303923	0.7853827348887992	0.7858231032258667	0.785382728729379	0.7858231029499404	0.7858231094663577	0.7853827323372325	0.785823097773959	0.7853827207790964	0.7808007770400054	0.7907791425220096	0.7808007505584197	0.7907791234643122	0.7933880659125403	0.7335108042400152	0.7933880428927814	0.7335107917265085	0.7917503770708201	0.8610335643738424	0.7917503618513677	0.8610335683647972
0.8495163880825451	0.7783656861514494	0.8495163717548022	0.7783656734813501	0.7187910524849257	0.7850331942654281	0.7187910494999997	0.7850331965780243	0.7810550991279134	0.7698502265606578	0.7810551044874409	0.7698502293254424	0.7755917237308543	0.7758633238130329	0.7755917197910491	0.7758633132617702	0.7758633222488067	0.7755917172485537	0.7758633126289326	0.7755917046421519	0.7698502332278079	0.7810551046007829	0.7698502150795643	0.7810550893295061	0.7850332009769881	0.7187910501592032	0.7850331900835117	0.7187910455351555	0.7783656784283427	0.8495163764982879	0.7783656769342068	0.8495163802847361
0.837431353260607	0.7646925872203675	0.8374313332574403	0.7646925707610827	0.7039936829632726	0.7768574539689079	0.7039936811228281	0.7768574531026409	0.7713124206612921	0.7588415709773628	0.7713124208863981	0.7588415662236103	0.7659479642457492	0.765950546498793	0.7659479577529722	0.7659505374794191	0.7659505445935544	0.7659479627017307	0.7659505406906306	0.7659479534294297	0.7588415615881218	0.7713124096603641	0.7588415581724943	0.7713124051858123	0.7768574377320387	0.7039936673887878	0.7768574374905391	0.7039936627228744	0.764692559418214	0.8374313290252471	0.7646925611900692	0.8374313307483426
0.8248514038548076	0.7508243006096591	0.824851400846361	0.750824295513272	0.6892251139740019	0.768889032737556	0.689225115341436	0.7688890309079095	0.7615915735035386	0.7478372658441796	0.7615915737782603	0.7478372632049812	0.7565256100485033	0.7561366146724439	0.756525607401019	0.756136605992323	0.7561366141910281	0.7565256150119132	0.7561366053527776	0.7565256005297852	0.7478372733430272	0.7615915832274407	0.7478372627917182	0.7615915756236902	0.7688890380604128	0.6892251197902217	0.7688890389090682	0.6892251183265317	0.7508243020562746	0.8248514031126725	0.7508243053632491	0.8248514056165024
0.8118786389985909	0.7368736477214959	0.8118786368619649	0.7368736429156999	0.6746053914655179	0.7611532382071796	0.6746053939741812	0.7611532378963186	0.7519397517246276	0.7369095439649721	0.7519397517180528	0.7369095442407579	0.7474009943797106	0.7464773531267768	0.7474009967061308	0.746477343992916	0.7464773462184555	0.7474009953815459	0.7464773515046736	0.7474009854634324	0.7369095521520854	0.7519397618486778	0.7369095468437179	0.7519397493934697	0.7611532418682679	0.6746053956320577	0.7611532406848538	0.6746053979289011	0.7368736601192445	0.8118786395659852	0.7368736486179359	0.8118786539026369
0.7986474150345733	0.7229743950731183	0.7986474136339476	0.7229743925462275	0.6602682853808279	0.7536747366435008	0.6602682851645401	0.7536747358191633	0.7424133918710858	0.7261417446380957	0.7424133949616107	0.7261417465189761	0.7386512067959604	0.7370340604419423	0.7386512103922779	0.7370340626710712	0.7370340652267359	0.7386512042139802	0.7370340668571407	0.7386512042671001	0.7261417527274115	0.7424133892202848	0.7261417489738431	0.7424133862009822	0.7536747393947372	0.6602682838758278	0.7536747373820191	0.66026828038896	0.7229743982000387	0.7986474131780541	0.7229743951353764	0.7986474149722764
0.7853263785409409	0.7092821205498259	0.7853263762112157	0.7092821169313477	0.6463609300807412	0.7464811026670404	0.6463609293637209	0.746481100868509	0.7330812567770589	0.715629742858622	0.7330812564186233	0.7156297439578974	0.7303525986921485	0.727875487330967	0.7303526022916067	0.7278754864152974	0.727875484971034	0.7303525949147754	0.7278754899621103	0.7303525931389038	0.7156297439213387	0.7330812553968399	0.7156297448099455	0.7330812541235309	0.746481101549948	0.6463609271815434	0.7464811009689556	0.6463609267862739	0.7092821207441871	0.7853263742809142	0.7092821188978338	0.7853263769972567
0.7721182893601283	0.6959736003097658	0.7721182863394704	0.6959735964768374	0.6330424611421221	0.7396070194219474	0.6330424599497969	0.7396070187632201	0.7240274339814196	0.7054829083699751	0.7240274322937749	0.70548290893693	0.7225792770549884	0.7190798619953825	0.7225792747858991	0.7190798586109426	0.7190798589149988	0.7225792731128339	0.7190798582308551	0.7225792720531072	0.7054829058665869	0.724027427377258	0.7054829011790925	0.7240274258416898	0.7396070104267642	0.6330424549859194	0.7396070101294367	0.6330424541521195	0.695973597403604	0.772118284036551	0.6959735952906068	0.7721182878872254
0.7592571417673186	0.6832445620473491	0.759257140058351	0.6832445601019292	0.6204815208309705	0.7330986531196613	0.620481518385592	0.7330986516032929	0.7153536989457029	0.6958244358267189	0.7153536987609052	0.6958244362144542	0.7154018933622988	0.710736853814125	0.7154018894442213	0.7107368500361354	0.710736851825919	0.7154018947463181	0.7107368543155435	0.715401893146541	0.6958244377719043	0.715353697005769	0.6958244353983302	0.7153536971704137	0.7330986500873292	0.6204815171660053	0.7330986469716461	0.6204815149829436	0.683244561540202	0.7592571429155478	0.6832445618173045	0.7592571426014761
0.7470021146193114	0.6713053773111155	0.7470021128432613	0.6713053757691069	0.6088525678890684	0.7270172516796699	0.6088525655333943	0.7270172519002608	0.7071805556428562	0.6867905207534281	0.7071805542953511	0.686790519918201	0.7088868135751282	0.7029486918409675	0.7088868103959268	0.7029486872533084	0.7029486936607204	0.7088868158939889	0.7029486953923871	0.7088868082957048	0.6867905210279112	0.707180548018132	0.6867905167381473	0.7071805497217027	0.727017247712623	0.6088525616906197	0.727017246480114	0.6088525597473593	0.671305374787077	0.74700211022386	0.6713053721746929	0.7470021138396398
0.735628193825422	0.6603745139288021	0.7356281925291295	0.6603745120737108	0.5983309215736634	0.7214407272773056	0.5983309198551308	0.7214407271093475	0.699645870619216	0.6785278006924544	0.6996458676229661	0.6785277996196101	0.7030956143102882	0.6958296830739689	0.7030956125409394	0.6958296784502351	0.6958296788926421	0.7030956190370702	0.6958296807197575	0.7030956088006649	0.6785278030885141	0.6996458734977298	0.6785278002881794	0.699645865497731	0.7214407285393735	0.5983309202335423	0.7214407283283124	0.5983309169529888	0.6603745156708946	0.7356281962222854	0.660374515674265	0.735628199242842
0.7254140357622064	0.6506701268175784	0.725414036232477	0.6506701256286309	0.5890868356507255	0.7164624054031364	0.5890868341388188	0.7164624053377864	0.6929006446218366	0.6711888726868572	0.6929006413830173	0.6711888708986178	0.6980848409572598	0.6895035363675901	0.6980848376011002	0.689503526345842	0.6895035277156104	0.6980848456794997	0.6895035299510781	0.6980848325971619	0.6711888765579197	0.692900652582822	0.6711888751052562	0.692900639674098	0.7164624090725418	0.5890868331250084	0.7164624031943743	0.5890868354297357	0.6506701292596909	0.7254140395066565	0.6506701282254692	0.7254140432474718
0.716627918565609	0.6424002230815801	0.7166279207529019	0.642400222755206	0.581278961773395	0.7121862574540102	0.5812789599192668	0.7121862544217114	0.6871015048693431	0.6649256299655817	0.6871015030183549	0.6649256296435303	0.6939056430792084	0.68409804850407	0.6939056431367209	0.6840980383071061	0.6840980438981896	0.6939056465204996	0.6840980430490834	0.6939056350094747	0.6649256413268428	0.6871015169844955	0.6649256370484775	0.6871014988997238	0.712186262863311	0.581278956702149	0.7121862579497379	0.5812789595631086	0.6424002261696949	0.7166279162689436	0.6424002212233766	0.7166279246703711
0.7095132073324765	0.6357523711459571	0.70951320763145	0.6357523710992311	0.5750477524095655	0.7087189159332654	0.575047750258339	0.7087189144978047	0.6824004835955951	0.6598808925499073	0.6824004821745129	0.6598808921424638	0.6906030877664134	0.6797373548567596	0.6906030905426869	0.6797373469718714	0.6797373491601637	0.6906030883281781	0.6797373499309238	0.69060307672322	0.6598808955166874	0.6824004914572598	0.6598808940368834	0.6824004721856544	0.7087189130319791	0.5750477471272781	0.7087189097635126	0.5750477472689012	0.6357523717565664	0.7095132021687022	0.6357523666726863	0.7095132117252401
0.7042747223194634	0.6308838970723526	0.7042747231366278	0.6308838982632088	0.5705093621045347	0.70615942352655	0.5705093602184005	0.7061594208769407	0.6789331266502865	0.6561790173015642	0.6789331252131637	0.656179017225146	0.6882149027386529	0.6765324740643288	0.6882149039769208	0.6765324638731914	0.6765324631724708	0.6882149023491887	0.6765324681851363	0.6882148886730313	0.6561790216658732	0.678933132573091	0.6561790179849811	0.6789331211423775	0.7061594206989416	0.5705093573350007	0.7061594185147934	0.5705093555757685	0.6308838965723039	0.7042747221260199	0.6308838931752091	0.7042747273399694
