7.233571123440536
7.789831220483396
8.382645725653251
9.01270612354708
9.680407642529165
10.385844264590443
11.128764108320501
11.90855349288509
12.724219358344914
13.574380692760839
14.457258283214019
15.370673104541604
16.312038508421015
17.27835050965594
18.266175752278084
19.27161545475515
20.290273061915926
21.317187066319995
22.346768205663498
23.37270116519153
24.387853350053987
25.384177279153196
26.35263276130157
27.28314930343524
28.164654304403435
28.985195256987335
29.732181544474674
30.392762767611526
30.95434391759428
31.405215285384823
31.735251373303893
