0.9663356756028132	0.9382705038355964	0.966335698796377	0.9382705092241964	0.9122734406910812	0.9191340543217262	0.9122734551888911	0.9191340411455822	0.9204728919579829	0.9198830384421446	0.9204728768207845	0.9198830372182034	0.9198749596696464	0.9199165549571641	0.9198749586954054	0.9199165610033293	0.9199119666643163	0.9199097587308124	0.9199119669594028	0.9199097710171762	0.9199103989347249	0.9199103982696595	0.9199103979872109	0.9199104052853934	0.9199097566168379	0.9199119670987733	0.919909758648671	0.9199119657334098	0.9199165499290236	0.9198749593712471	0.9199165498420491	0.9198749678261823	0.9198830366903286	0.9204728800688684	0.9198830355696165	0.9204728928010912	0.9191340404026033	0.9122734212942212	0.9191340193205267	0.9122734293880345	0.9382704962113012	0.9663356681527386	0.9382704673020131	0.9663356787782078
0.9631564309105944	0.932945805036287	0.9631564615501421	0.9329458103069295	0.9051161687773965	0.9131240765517146	0.9051161860746505	0.9131240549319098	0.9146006790809571	0.9138688647183315	0.9146006624139834	0.9138688640569397	0.9138705616199828	0.9139249723083378	0.9138705547750673	0.9139249751995832	0.9139176023534077	0.9139146663288353	0.9139176040165206	0.9139146676346936	0.9139156725600543	0.9139156983819188	0.9139156873936711	0.9139156863049792	0.9139146635944739	0.9139176078522409	0.9139146529683313	0.9139176078838095	0.913924964151104	0.9138705611911696	0.913924956924215	0.9138705623164012	0.9138688672699901	0.9146006744877667	0.9138688605584905	0.9146006763389793	0.9131240612192535	0.9051161449628454	0.9131240234631541	0.9051161450553046	0.932945787642758	0.9631564241367356	0.9329457545767526	0.9631564285924256
0.9596621921182324	0.9271803399391857	0.9596622478989993	0.9271803630434474	0.8974321241873604	0.9067676292638929	0.8974321032834282	0.9067675769850889	0.9083821071817374	0.9074769671764022	0.9083820713453596	0.9074769817183456	0.907494823755562	0.9075655949671051	0.9074948510515362	0.907565580018608	0.9075540625142773	0.9075501838217861	0.9075540397158454	0.9075501714158056	0.9075518002583941	0.9075517944979612	0.9075517829882286	0.9075517870354647	0.9075501837628763	0.907554050931906	0.9075501683927966	0.9075540446057208	0.9075655898900679	0.9074948546343793	0.9075655733124688	0.9074948461909261	0.9074770438011324	0.908382117266579	0.9074769805536202	0.9083820816588568	0.9067675850442473	0.8974320226215916	0.9067675291463588	0.8974320378831804	0.927180282817641	0.9596621997439211	0.9271802863289507	0.9596622023391762
0.9558249869997903	0.9209500001191382	0.9558250744645723	0.9209500441233865	0.8892034496599852	0.9000701517672497	0.8892034342387285	0.9000700983352808	0.9018173599379079	0.9007017809644797	0.9018172532428405	0.9007017738924009	0.9007447887414285	0.9008360980058805	0.9007447716658892	0.9008360757622788	0.9008183622091706	0.9008133592110644	0.9008183441210499	0.900813348754316	0.9008158969869025	0.9008158994806132	0.9008158623422791	0.900815859972722	0.9008133842675533	0.9008184206592934	0.9008134061423798	0.9008184219709301	0.9008361725278061	0.9007449273814857	0.9008362177007678	0.9007449162228448	0.9007019387151443	0.9018173711808428	0.9007018598004645	0.9018173177284968	0.9000700967520429	0.8892033127586996	0.9000700220797442	0.8892033218089486	0.9209499137502137	0.9558249882310531	0.9209499196701941	0.955824988764272
0.9516154011362196	0.9142320686577513	0.9516155371359092	0.9142321469775396	0.8804158572145859	0.8930420398011111	0.880415849522416	0.8930419713729749	0.8949098655998363	0.8935405640239691	0.8949097308332373	0.8935405629716658	0.893621291855977	0.8937382148582571	0.893621297779713	0.8937382100254212	0.8937114050833284	0.8937051428574916	0.8937113999023814	0.8937051400706234	0.8937090173773024	0.8937090255263036	0.8937090180806228	0.8937090212565312	0.8937051406447396	0.8937114157331333	0.8937051388314516	0.8937114067412409	0.8937382059643207	0.8936212990193082	0.8937382092914922	0.8936212923482714	0.8935405668625462	0.8949097599029985	0.8935405686947487	0.8949097460356762	0.8930418699536087	0.8804156879091144	0.8930418675050432	0.8804156840309876	0.9142319675604055	0.9516154163995161	0.9142319665961434	0.9516154158360065
0.9470028018293728	0.9070055690679543	0.9470027935456289	0.9070055670427627	0.8710589548772804	0.885698673476542	0.8710589392068324	0.8856986843055528	0.8876663111657322	0.8859933180248334	0.8876662986063482	0.8859933229544553	0.8861289193503841	0.886277295087041	0.8861289099501468	0.8862772892100762	0.8862374029626623	0.8862298139761501	0.8862373967826583	0.8862298066488046	0.8862357052730226	0.8862357035451536	0.8862356914383441	0.8862357029406404	0.8862298074582405	0.8862374095206759	0.886229796232247	0.8862374072463512	0.8862772893849599	0.8861289230871525	0.8862772729107317	0.8861289177315365	0.8859933058110988	0.8876662830171779	0.8859932947512066	0.8876662885108327	0.8856986603141674	0.8710589361967942	0.885698637361348	0.8710589382481452	0.9070055719394405	0.9470028058681461	0.907005572888812	0.9470027962439821
0.9419554827579679	0.8992523814670225	0.941955478023652	0.899252380664123	0.8611277363784742	0.8780615317507259	0.8611277362318409	0.8780615426431806	0.8800971978130091	0.8780631018585574	0.8800971983404303	0.8780631078317509	0.8782765683237458	0.8784629823990163	0.8782765683678175	0.8784629743588802	0.8784045019787505	0.878395696377122	0.8784044954616814	0.8783956898381892	0.8784045232301405	0.8784045184182433	0.8784045146352466	0.878404509391278	0.8783956926561562	0.8784044894815126	0.8783956751107507	0.8784044867950537	0.8784629714410364	0.8782765748659832	0.8784629657453108	0.8782765626732703	0.8780631022893677	0.8800972037956739	0.8780630991558445	0.8800971879097108	0.878061537326366	0.8611277552975145	0.8780615319959062	0.8611277374556618	0.8992523930086532	0.941955487844318	0.8992523840015642	0.9419554844373534
0.9364411230767523	0.8909571250722241	0.9364411132984513	0.8909571205366371	0.8506220803938704	0.8701570277624067	0.8506220722937133	0.8701570270000292	0.8722160635701495	0.8697562244424366	0.8722160513168109	0.8697562078536306	0.8700778105942815	0.8703094242083236	0.8700777901128642	0.8703094073071858	0.8702248595588757	0.8702153423804567	0.8702248395324068	0.8702153250757432	0.8702283371969756	0.8702283560371094	0.8702283227529677	0.8702283188486654	0.870215326097586	0.870224873388917	0.8702153175830599	0.8702248465538155	0.8703094099830696	0.8700778263510648	0.8703093999918063	0.870077795485655	0.8697562074975129	0.8722160806550697	0.8697561961387476	0.8722160588081858	0.8701570249715622	0.8506220803144738	0.8701570216555101	0.8506220728929631	0.8909571188849159	0.9364411182895795	0.8909571152077583	0.9364411177195667
0.9304271457834067	0.8821081535798043	0.9304271257634273	0.8821081406319442	0.8395478694907302	0.862016897193457	0.8395478612542211	0.8620168997453329	0.864039657164101	0.8610820652222049	0.8640396499581421	0.8610820678344104	0.8615510676545364	0.8618352773006716	0.8615510522828703	0.86183528624535	0.8617147386958091	0.8617055364447628	0.861714711075271	0.861705548029623	0.8617244295821076	0.8617244159225964	0.8617244003185577	0.8617244098655594	0.8617055760816381	0.8617147660831791	0.8617055494626493	0.861714757672676	0.8618353113391806	0.8615510586943131	0.8618352926880506	0.8615510609566747	0.8610820640616741	0.8640396617596316	0.8610820368291141	0.8640396440817826	0.8620169088748705	0.8395478601872636	0.8620168948415707	0.8395478476237038	0.8821081321317021	0.9304271257952211	0.8821081319704406	0.9304271227492458
0.9238813345993713	0.8726981426776759	0.9238813143071466	0.8726981252829016	0.8279173978199265	0.8536777512478306	0.82791738507512	0.8536777444487191	0.8555875727882357	0.8520533289397554	0.8555875625448677	0.8520533285565136	0.8527198119299129	0.8530638924187379	0.8527198033160791	0.8530638957366099	0.8528943264344492	0.8528874581692079	0.8528943182476013	0.852887453301068	0.8529143509636835	0.8529143526903679	0.8529143447495298	0.8529143467503016	0.8528874794785812	0.852894337499285	0.8528874718882474	0.8528943315692504	0.8530639316819832	0.8527198271184308	0.8530639190995083	0.8527198235744707	0.8520533556504293	0.8555875623219082	0.8520533462397408	0.855587571936151	0.8536777534618489	0.8279173682673449	0.853677745248284	0.827917384556599	0.8726981264612577	0.9238813063109186	0.8726981175692848	0.9238813159513914
0.9167726391423014	0.8627247270764591	0.9167726183776159	0.862724705140067	0.8157497724388165	0.8451802926015509	0.8157497677075501	0.8451802833835069	0.8468819815069573	0.8426859496461296	0.8468819789264604	0.8426859429880496	0.8436127821658935	0.8440231099316069	0.8436127667109441	0.8440230831180014	0.8437877452078261	0.8437865414419848	0.8437877234625187	0.843786535409524	0.8438241689171463	0.8438241593660603	0.8438241538370199	0.8438241518071551	0.8437865476980251	0.8437877283637226	0.843786549600947	0.8437877252375893	0.8440230957213415	0.8436127642635702	0.8440230966899451	0.8436127617090988	0.8426859472434389	0.8468819781178815	0.8426859436759138	0.846881973010418	0.8451802865638125	0.8157497579403744	0.8451802876567112	0.8157497904497287	0.8627247395249897	0.9167726186468144	0.8627247066242194	0.9167726565794962
0.9090722256416977	0.8521912418912614	0.9090722113019144	0.8521912156074275	0.8030713534003867	0.8365684375950009	0.8030713491710756	0.8365684272067095	0.8379471884297076	0.8329990663725878	0.8379471929433974	0.8329990670755123	0.8342639413401151	0.8347451098116919	0.8342639417505288	0.8347451051488656	0.8344228026227913	0.8344326244318593	0.8344227947756682	0.8344326269963678	0.834484243069226	0.8344842469891026	0.8344842389568207	0.8344842407820154	0.8344326409191974	0.8344228231839369	0.8344326390118295	0.8344228245932407	0.8347451249103041	0.8342639663489274	0.8347451292765412	0.834263966409416	0.8329990786386854	0.8379471987069296	0.8329990675080002	0.8379471999176498	0.8365684304757408	0.8030713442933393	0.8365684347369432	0.803071349502938	0.8521912270188574	0.9090722164207776	0.8521912254584836	0.9090722204698857
0.9007547673064635	0.8411075057158657	0.9007547586726942	0.8411074921814695	0.7899161404979701	0.8278882645890089	0.7899161331298098	0.8278882578507537	0.8288093845099264	0.8230153013676618	0.8288093707464657	0.8230152886795754	0.8247127361741304	0.825266401249126	0.8247127075937646	0.8252663761199548	0.8248309106121641	0.8248598251510861	0.8248308768463066	0.8248598212145737	0.8249291288451819	0.8249291718118721	0.8249291800898537	0.8249291955475105	0.8248597705014251	0.8248309859410934	0.824859899466711	0.8248309387023128	0.8252663915180443	0.8247127798231866	0.8252664214172655	0.8247127383571217	0.8230152960275355	0.8288093947255777	0.8230152783019845	0.8288093840699959	0.8278882501324145	0.7899161407772317	0.8278882637617003	0.7899161533388964	0.8411075014515135	0.9007547726909341	0.8411075195584626	0.9007547710925878
0.8918001983157905	0.8294908276482258	0.8918001904171916	0.8294908249264453	0.7763262625125085	0.8191866847913003	0.7763262479171534	0.8191866861506426	0.8194962929850553	0.8127608026608537	0.8194962864259958	0.8127608080941948	0.8150038425300102	0.8156273436539186	0.8150038345486613	0.8156273365870644	0.8150467683443111	0.8151065414708277	0.8150467587797712	0.8151065302502937	0.8151975421436617	0.8151975609678801	0.8151975182810155	0.8151975579586918	0.8151065513551334	0.8150467872820464	0.8151065139311671	0.8150467912710995	0.8156273314526219	0.815003856014563	0.8156273132204717	0.8150038404979846	0.812760791023915	0.8194963009754115	0.8127607494382664	0.819496264774062	0.8191866636328914	0.7763262596546169	0.8191866545103886	0.7763262590598595	0.8294908281256499	0.8918001973751609	0.829490824225844	0.891800205098936
0.8821958362034209	0.8173670850440227	0.8821958360896724	0.8173670906000888	0.7623524948679534	0.8105101100775423	0.7623524903146044	0.8105101175452674	0.810037136948315	0.8022657169228773	0.81003712547873	0.8022657178896779	0.8051872248319628	0.8058719423909819	0.8051872165738777	0.8058719315898232	0.8051084367398859	0.8052156932004749	0.805108433681926	0.8052156834710983	0.8053321770235723	0.8053321775742996	0.8053321746964407	0.805332163236987	0.805215675392278	0.8051084369901172	0.8052156598033875	0.8051084144456239	0.8058719383908689	0.8051872275140386	0.805871925585969	0.805187210604015	0.8022657176134219	0.8100371398708031	0.8022657134338191	0.8100371246261121	0.8105101151888439	0.7623524932058728	0.8105101153075138	0.7623524816645497	0.817367080396785	0.8821958325083951	0.8173670791667491	0.882195829049406
0.8719391023900679	0.8047721601167025	0.8719391004623757	0.8047721643643388	0.7480550123253488	0.8019030781613028	0.7480550058505969	0.8019030878139205	0.8004626497271683	0.791564656685032	0.8004626429445825	0.7915646645172014	0.7953178886890976	0.7960475691088857	0.7953178838511487	0.7960475684991172	0.7950571161781607	0.7952346051785744	0.7950571090933233	0.7952345986495556	0.7953795756986837	0.7953795757677213	0.7953795745918404	0.7953795728545137	0.7952345978311195	0.7950571031272217	0.7952345860994083	0.7950570902079793	0.7960475554117177	0.7953178772088166	0.7960475386474108	0.7953178541646847	0.7915646309987647	0.8004626297738273	0.79156461419962	0.8004625903222359	0.8019030546228461	0.7480550144619305	0.8019030336174366	0.7480549912698198	0.8047721744928479	0.8719391096489852	0.8047721578843139	0.8719391127354009
0.8610406769916766	0.7917535440115032	0.8610406696004388	0.7917535424010196	0.733504114300296	0.793406922445623	0.7335041079550878	0.7934069271026172	0.790805443114828	0.7806974396143671	0.7908054458568444	0.7806974460486795	0.7854555766407023	0.7862045785249271	0.7854555727086764	0.7862045767874872	0.7849374163907046	0.7852153561212363	0.7849374200235846	0.7852153547574889	0.7853900495160999	0.7853900488694238	0.7853900460342875	0.7853900370188299	0.7852153687710957	0.7849374119721627	0.7852153555067616	0.7849374058555142	0.7862045901755197	0.7854555775747033	0.7862045733030575	0.7854555658083711	0.7806974582655635	0.7908054458614762	0.7806974288576296	0.7908054140088987	0.7934069344967535	0.7335041099710481	0.7934069121880484	0.733504107888924	0.7917535511364846	0.8610406649246459	0.7917535425001482	0.861040671502468
0.849528203101688	0.7783722697404001	0.8495281857408444	0.7783722559970386	0.718781223109694	0.785058890585758	0.7187812207158458	0.7850588928330406	0.7811007117315312	0.7697101693079929	0.7811007165110815	0.7697101671555859	0.7756643678467746	0.7763961966159726	0.7756643637367062	0.7763961904530585	0.7747977577412634	0.7752151395803011	0.7747977546744531	0.7752151335370627	0.775417745376577	0.7754177447953645	0.7754177477694998	0.7754177364818701	0.7752151425113993	0.7747977627983723	0.7752151367130088	0.7747977487396432	0.7763962041142394	0.7756643656552538	0.776396191147898	0.7756643598763145	0.7697101732977345	0.7811007139160542	0.7697101621809728	0.7811007023166954	0.7850588897230999	0.7187812146932944	0.785058884021848	0.7187812147318172	0.7783722641223361	0.8495281874495982	0.7783722565566763	0.8495281971073083
0.8374503140543231	0.7647049379949222	0.8374502931040062	0.7647049215029074	0.7039797946477154	0.7768915497576832	0.7039797923383829	0.776891549670515	0.7713871997635003	0.758656350363824	0.7713872002624556	0.758656343984488	0.7660119546404403	0.7666782113177227	0.7660119488873905	0.7666782031603594	0.7646907079055904	0.7652962998002211	0.764690700074969	0.765296292293461	0.7655204981689022	0.7655205000440299	0.7655204942586352	0.7655204942963012	0.7652963008149987	0.7646907072451486	0.7652962980556636	0.7646906969972418	0.7666782087259401	0.7660119550516652	0.7666782093882236	0.766011946528191	0.7586563417390526	0.7713871890518436	0.7586563406002738	0.7713871833863022	0.7768915374113886	0.7039797791259688	0.7768915346582742	0.7039797770481434	0.7647049145111322	0.837450290241386	0.7647049160538247	0.8374502934812323
0.8248807729389931	0.7508458622106796	0.8248807699159553	0.7508458569789714	0.6892062588977144	0.7689330757786615	0.6892062609949208	0.7689330747640069	0.7617086838665285	0.7475984053439836	0.7617086829932443	0.7475984025066224	0.7565689075991584	0.7571090879443717	0.7565689062443224	0.75710908029982	0.7546738889796711	0.7555267851441163	0.7546738880664443	0.7555267791776359	0.7557600412676929	0.7557600439671747	0.7557600406546683	0.7557600438370599	0.7555267899763555	0.7546738996708007	0.7555267770943962	0.7546738858376253	0.7571090877623727	0.7565689127075365	0.7571090854031817	0.7565689093208514	0.747598409407715	0.7617086945540164	0.7475984072711891	0.7617086850477145	0.7689330802341886	0.6892062654805416	0.7689330801753231	0.6892062642666326	0.7508458657625598	0.8248807746224661	0.7508458682480863	0.8248807773594232
0.8119224852247425	0.7369090832566747	0.8119224841884354	0.7369090793545724	0.6745807639101268	0.7612084922060287	0.6745807668894166	0.7612084922372353	0.7521159286697946	0.7366092862833993	0.7521159298181902	0.7366092865511974	0.7474077136253886	0.7477501412706409	0.7474077174295906	0.7477501374350706	0.7448109526798345	0.7459801703159173	0.7448109583507735	0.7459801668115978	0.7462022046273674	0.7462022057394817	0.7462022086776466	0.746202198517903	0.7459801788834102	0.7448109563322773	0.7459801801086534	0.7448109489241999	0.7477501439126175	0.7474077183347148	0.7477501478969649	0.7474077051389	0.7366092995286175	0.7521159387809507	0.7366092929035559	0.752115927581984	0.7612084983989329	0.6745807706013625	0.761208496784457	0.6745807687887386	0.7369090934608169	0.8119224906887685	0.7369090916508447	0.8119224971620542
0.7987104254393933	0.7230296132206812	0.7987104244660787	0.7230296120793649	0.6602373158428594	0.753741878224826	0.6602373141877911	0.7537418789324556	0.7426688060323781	0.7257739737725637	0.742668808260563	0.7257739774926305	0.7386017531215516	0.7386660109872746	0.7386017558064861	0.7386660092107848	0.735172614855238	0.7367355043073908	0.735172614927717	0.7367355062564418	0.736917187350418	0.7369171760504325	0.7369171882875795	0.7369171787393382	0.7367355091122616	0.7351726071940601	0.7367355062838821	0.7351726101025204	0.7386660188223978	0.7386017502687089	0.7386660195240123	0.738601750085987	0.725773984047583	0.7426688059444351	0.7257739788802353	0.742668799616856	0.7537418817963539	0.6602373132738852	0.7537418814074766	0.6602373115937975	0.7230296172714425	0.7987104212867824	0.7230296115957174	0.7987104269449848
0.7854134188249293	0.7093640211079751	0.7854134164757602	0.7093640174351495	0.6463233793438746	0.7465598441605017	0.646323378069253	0.7465598421245986	0.7334387331856517	0.7151908779414221	0.7334387330603214	0.7151908805292329	0.7302243585239895	0.7299254257425338	0.7302243615878912	0.7299254266370578	0.7258378091124049	0.7278767556605179	0.7258378107267528	0.7278767515426665	0.7279799791445019	0.7279799780908941	0.7279799794541477	0.7279799742474544	0.7278767574297126	0.7258378085027877	0.7278767572070297	0.7258378056112746	0.7299254266977514	0.7302243573842462	0.7299254264071259	0.7302243572685119	0.7151908782614911	0.7334387296305138	0.7151908779589725	0.7334387273669899	0.7465598435019112	0.6463233760229619	0.746559841031419	0.6463233756693337	0.7093640222444473	0.7854134149144874	0.7093640204116238	0.785413418352777
0.7722337201884948	0.69608951333268	0.7722337169546539	0.6960895093767353	0.6329984461995104	0.7396956972504928	0.6329984450594713	0.7396956967382737	0.7245108675052764	0.7049725684129968	0.7245108655992325	0.7049725685889188	0.722347996965448	0.7216021122845349	0.7223479939590859	0.7216021088537837	0.716894569058281	0.7194918024716234	0.7168945659062107	0.7194917999891766	0.7194708425253998	0.7194708391808853	0.7194708399168526	0.7194708361642187	0.7194918007377429	0.7168945666965651	0.7194917992007455	0.7168945625278771	0.7216021094333487	0.7223479898322365	0.7216021088925627	0.7223479887941145	0.7049725629311362	0.7245108573044947	0.7049725600457734	0.7245108564201582	0.7396956857629944	0.6329984392159671	0.7396956869319884	0.6329984385785333	0.6960895096844048	0.772233716577622	0.6960895096250348	0.7722337194226434
0.7594039897481055	0.6834013758914498	0.7594039878996093	0.6834013737504955	0.6204314618384533	0.7331939445828157	0.6204314590108188	0.7331939436896341	0.7159856845425205	0.6952457051773049	0.7159856823096789	0.6952457024745654	0.7150437040634784	0.7137757751151015	0.7150437020663294	0.7137757719981987	0.7084403729382076	0.7116708523414539	0.7084403746968021	0.7116708476569212	0.7114755460237564	0.7114755472189639	0.7114755429523917	0.7114755443743186	0.7116708487113532	0.70844037450775	0.7116708464407232	0.7084403719113389	0.7137757702687637	0.7150437039199251	0.7137757718383673	0.7150437047290424	0.6952457029812945	0.7159856832600423	0.6952457028141596	0.7159856819723499	0.7331939404216605	0.6204314597081148	0.7331939389667592	0.6204314568289749	0.683401374034369	0.7594039937022686	0.6834013782630192	0.7594039907932633
0.7471813044775113	0.671508477759488	0.7471813030706631	0.6715084761291484	0.6087970511303243	0.7271141457904611	0.6087970490956025	0.727114145956454	0.707979402561798	0.6861496555092789	0.7079794001106424	0.6861496544338104	0.7083808603190436	0.7065327622870474	0.7083808558511319	0.706532756764149	0.7005817766295513	0.7045044074361766	0.7005817751718195	0.7045044007851503	0.704085396341029	0.7040853917966363	0.7040853929336385	0.7040853917868385	0.7045044046733641	0.7005817716360919	0.7045044017090312	0.700581772646046	0.7065327597001558	0.7083808586523931	0.7065327593895173	0.7083808575813108	0.6861496558145393	0.7079793994588797	0.686149650453973	0.7079793970375393	0.7271141416764342	0.6087970441588465	0.7271141364541358	0.608797042731976	0.6715084751685843	0.7471813002996799	0.6715084719437704	0.7471813043699371
0.7358381105170655	0.6606267701907597	0.7358381104380003	0.6606267689754476	0.5982705382017923	0.7215329495564771	0.5982705367024981	0.7215329483313315	0.700622492113095	0.6778334528991941	0.7006224907247653	0.6778334521230169	0.702427014129534	0.6999659516420045	0.7024270108885367	0.6999659449707157	0.69343274904628	0.6980808555867658	0.693432749042521	0.6980808448728155	0.6973964476360487	0.6973964478085505	0.6973964451346403	0.6973964443890887	0.6980808517018433	0.6934327473361959	0.6980808493782454	0.6934327469150372	0.6999659456228446	0.7024270134729962	0.6999659475270716	0.7024270099410138	0.6778334531534029	0.7006224940787781	0.6778334522384075	0.7006224859785031	0.7215329466792682	0.598270535770238	0.7215329484374086	0.5982705339649422	0.6606267734561007	0.7358381103590115	0.660626769078132	0.7358381169468262
0.725650654627018	0.6509711818140584	0.725650653967136	0.650971179842112	0.5890220864471292	0.7165433938843874	0.5890220852456625	0.716543392933279	0.6940559056915722	0.6704509653057464	0.6940559029244641	0.6704509629696138	0.6972475979123198	0.6941733053104558	0.697247594473991	0.6941732946790453	0.6871116592367806	0.692483826938759	0.6871116626692472	0.6924838158497248	0.6915077059558722	0.6915077094898805	0.6915077071498383	0.6915076997072668	0.6924838320730657	0.6871116610391221	0.6924838280213105	0.6871116576912751	0.6941733018333458	0.6972476035613472	0.694173302508976	0.6972475963744531	0.6704509753980892	0.6940559112392366	0.6704509681085487	0.6940559018668582	0.7165433941231779	0.5890220847265166	0.716543394603299	0.5890220857192274	0.6509711861119187	0.7256506549074236	0.6509711824660296	0.725650661625054
0.7168855356722954	0.6427462816788769	0.7168855375973977	0.6427462818243717	0.5812102636139889	0.7122505992483767	0.5812102611561027	0.7122505971939914	0.6884246305538638	0.6641542301549357	0.6884246284894509	0.664154229528645	0.6929050503003491	0.689254680415969	0.6929050501445213	0.689254670276452	0.6817365662373904	0.6877896204229137	0.6817365684198373	0.6877896044005625	0.6865178973248571	0.6865179041644593	0.686517898605779	0.6865178936220876	0.6877896262767714	0.6817365749160035	0.6877896237482923	0.6817365631221168	0.6892546774241475	0.6929050528010144	0.6892546759252408	0.6929050447006725	0.664154236797287	0.688424635810585	0.6641542332803894	0.6884246203282224	0.7122505990665566	0.5812102596742709	0.712250598311796	0.5812102598711401	0.6427462841293909	0.716885531011837	0.6427462789109961	0.7168855402530417
0.7097855771774724	0.6361365147976251	0.7097855778500738	0.6361365148990957	0.5749755577477873	0.7087638956489468	0.574975555711852	0.7087638941610777	0.6838688688158833	0.6590853162910677	0.6838688675590198	0.6590853171137163	0.6894570773421873	0.6853066918513558	0.6894570782112139	0.6853066844556005	0.6774190362051429	0.684064666466438	0.6774190394466046	0.6840646538627545	0.6825207231330587	0.6825207292971193	0.6825207212564888	0.6825207153362802	0.6840646707389249	0.6774190420957944	0.6840646678477563	0.6774190269724659	0.685306684655244	0.6894570795720598	0.6853066851115072	0.6894570717323047	0.6590853215534327	0.6838688728719272	0.6590853167362426	0.6838688579900155	0.7087638899070454	0.5749755542226215	0.7087638886300622	0.57497555298645	0.6361365161037942	0.7097855725808754	0.636136512449037	0.7097855811874131
0.7045561776473691	0.6312967838076463	0.7045561780083907	0.6312967848408594	0.5704343231829552	0.7061861706556635	0.5704343209414802	0.7061861691329079	0.6805135886800375	0.6553674135501607	0.6805135871261155	0.6553674131150372	0.6869539383679137	0.6824159345939694	0.6869539388968533	0.6824159276730952	0.6742568932429526	0.6813633175321772	0.6742568928074778	0.681363303379784	0.6795989149942693	0.6795989222980501	0.6795989124178501	0.6795989121263036	0.6813633240054081	0.6742569041572127	0.6813633226385828	0.6742568904297627	0.6824159346438128	0.6869539417654111	0.682415930609132	0.68695393470784	0.6553674204977683	0.6805135925366382	0.6553674153126232	0.680513579313638	0.7061861666041074	0.5704343209463525	0.706186163465327	0.5704343153637038	0.6312967833904268	0.7045561769445862	0.6312967836745996	0.7045561785826794
