0.966334880147769	0.938272131482322	0.9663349030434566	0.9382721367885015	0.9122794412612537	0.9190986921976664	0.9122794568300806	0.9190986821917388	0.9204454661061258	0.9204454555518677	0.9204454497161816	0.9204454574117048	0.9190986838098273	0.9122794224341214	0.9190986585746227	0.9122794276542178	0.9382721229822487	0.9663348727892884	0.9382720950205442	0.966334882589924
0.9631551353011852	0.9329477837472314	0.96315516664532	0.9329477893607896	0.9051251652820073	0.9130790420417687	0.9051251842133529	0.9130790197676802	0.9145537214347002	0.9145537093623218	0.9145537025446425	0.9145537125171502	0.913079027576964	0.9051251408615456	0.913078990323179	0.90512514622086	0.9329477701310749	0.9631551280902724	0.9329477353898077	0.963155135935488
0.9596601069188438	0.9271826137060173	0.9596601597952726	0.9271826346979624	0.8974453935893913	0.9067108081654965	0.89744541785429	0.906710784803296	0.908307126038383	0.9083070636010603	0.9083070427100235	0.9083070304912296	0.9067107286942423	0.8974453019858544	0.9067106779057577	0.8974453197490858	0.9271825657273587	0.9596601074476472	0.9271825591900101	0.9596601165970927
0.9558216598673488	0.9209523779291071	0.9558217457371221	0.9209524229029378	0.889222727769332	0.8999991350395287	0.8892227720025533	0.8999991161246413	0.9017027905562789	0.9017027010082085	0.901702688666925	0.9017026690241879	0.8999990130013109	0.8892226196480775	0.899998953220275	0.8892226049872171	0.9209522999305623	0.9558216782371353	0.9209523186345535	0.9558216625403848
0.9516101689296403	0.914234161023188	0.9516103032616586	0.9142342360994116	0.8804434608406888	0.8929542216356567	0.8804434635373598	0.8929541656313765	0.8947403907920423	0.8947402686029917	0.8947402643779147	0.8947402818056021	0.8929540522925296	0.8804432956968695	0.892954058402481	0.8804433037188933	0.9142340584904772	0.9516101828109309	0.914234056604732	0.9516101855892058
0.946994648971902	0.9070067426304917	0.9469948452184501	0.9070068506445973	0.8710981194022974	0.885591808900534	0.8710981243982732	0.8855917198011869	0.8874222676730374	0.887422098829147	0.8874220909858854	0.8874221108175102	0.8855915594233523	0.8710978921341035	0.8855915730897951	0.8710978817751401	0.9070065974199787	0.9469946723061005	0.9070065907003532	0.9469946722600746
0.9419430034235072	0.8992509645288971	0.9419430036855692	0.8992509680202986	0.8611818018106914	0.8779328111916607	0.861181799368975	0.8779328175010885	0.8797526831076286	0.8797526923699507	0.8797526802807298	0.8797526867842065	0.877932802958547	0.8611818078012503	0.8779328019238418	0.8611817974502476	0.899250960228279	0.9419430061071599	0.8992509570703804	0.9419430013301173
0.9364222307514636	0.8909510150565907	0.9364222197089843	0.8909510062458317	0.8506959860886457	0.870004900450237	0.8506959792750346	0.8700048900967886	0.8717387030613548	0.8717387140948919	0.8717386915546036	0.8717386991332343	0.8700048936402356	0.8506959839406102	0.8700048833604342	0.8506959836086886	0.8909509985635814	0.9364222193095822	0.8909510005157408	0.9364222198223358
0.9303989533402636	0.8820938235478396	0.9303989346769468	0.8820938136838546	0.8396473233924027	0.8618405999408729	0.8396473114214037	0.8618405881555877	0.8633887238504075	0.8633887389743075	0.8633887129889081	0.8633887152842062	0.8618405972317067	0.8396473073558606	0.8618405910525939	0.8396473098915882	0.8820938020094912	0.9303989354468968	0.882093804157379	0.9303989374867576
0.9238398964012182	0.8726702410359795	0.9238398808338002	0.872670232229692	0.8280490483681601	0.8534780513971125	0.8280490384041574	0.853478048386965	0.854712770628912	0.854712767045701	0.8547127602740793	0.8547127596524705	0.8534780548428739	0.8280490344377367	0.8534780579763347	0.8280490346579586	0.8726702324530863	0.9238398674143479	0.8726702226552803	0.9238398786102129
0.916712722388933	0.8626754741186058	0.9167127042844201	0.8626754569839585	0.815921137698448	0.844960234879227	0.8159211319373771	0.8449602303491046	0.8457219977528894	0.8457219923533731	0.8457219901759082	0.8457219893652197	0.8449602307402129	0.8159211259388099	0.8449602405542176	0.8159211363682317	0.8626754750753217	0.9167127052257298	0.8626754539232806	0.916712728671647
0.9089870529074183	0.8521096377640345	0.9089870414735582	0.8521096149690351	0.803290575583993	0.8363341837990288	0.8032905681059046	0.8363341691669379	0.8364283808979641	0.8364283818687157	0.836428375892464	0.8364283769245434	0.8363341716948651	0.8032905588846605	0.8363341736142468	0.803290561200728	0.8521096157282438	0.908987034821648	0.852109611897785	0.9089870402401045
0.9006358830091776	0.8409785293816328	0.900635877601103	0.8409785242078619	0.7901916056606992	0.8276500251941622	0.7901915976254125	0.8276500134011533	0.8268445989111126	0.8268446104564297	0.8268445920545017	0.826844595550525	0.827650008662265	0.7901916073073886	0.8276500073498269	0.790191586623531	0.8409785156115336	0.9006358887477258	0.8409785163285999	0.9006358829218691
0.8916374941134936	0.8292946315548314	0.8916374829804383	0.8292946263702524	0.776666108517915	0.8189598051913447	0.7766660929623818	0.8189598048811116	0.8169840101468184	0.8169840147938129	0.8169839998754592	0.8169840105661681	0.8189598087024333	0.7766661054601347	0.818959802165319	0.7766661058478754	0.8292946304963671	0.8916374964379633	0.8292946321130164	0.8916374937490051
0.8819778284497272	0.8170783153136034	0.8819778305783782	0.817078322613991	0.7627639326706911	0.8103161730333669	0.7627639288001608	0.8103161752472288	0.806861076925553	0.8068610739449895	0.8068610680734731	0.8068610758695844	0.8103161811670953	0.7627639347009275	0.810316174765458	0.7627639261028345	0.8170783158410935	0.881977831057327	0.8170783129854965	0.8819778249396124
0.8716536629753368	0.8043595744421541	0.8716536591128417	0.8043595730987275	0.7485435579383272	0.8017709397179458	0.7485435525464075	0.8017709361343994	0.7964922177786692	0.796492220184921	0.7964922168391143	0.796492218938478	0.8017709337204318	0.7485435529567863	0.8017709342285426	0.7485435532639265	0.8043595717831524	0.8716536526697789	0.8043595666058075	0.8716536580023423
0.8606763558194103	0.7911802439719667	0.860676347910216	0.7911802397957429	0.7340729648669847	0.7933738372429254	0.7340729558362281	0.7933738326687076	0.7858973941441115	0.7858973872300326	0.7858973826728564	0.785897385570242	0.7933738466580398	0.734072976892529	0.7933738149108648	0.7340729406107906	0.7911802558619094	0.8606763499837811	0.7911802249407368	0.8606763497713142
0.84907621533218	0.7775966351537512	0.849076202252457	0.7775966249015643	0.719430631415195	0.7851712848911384	0.7194306236362472	0.7851712781992365	0.775102089577328	0.7751020814947266	0.775102080915959	0.7751020810131014	0.785171280962347	0.7194306263355847	0.7851712757147762	0.7194306121948133	0.777596627634538	0.8490762038379257	0.7775966221298235	0.8490762038155789
0.836907352347446	0.7636826834392447	0.8369073315764268	0.7636826677431094	0.7047069338414059	0.7772056271498734	0.7047069317128211	0.7772056269881412	0.7641403635632287	0.7641403595410972	0.7641403609609693	0.7641403586612432	0.7772056145094588	0.7047069204888553	0.777205614657468	0.7047069190171652	0.7636826600028561	0.8369073249149698	0.7636826604312201	0.8369073277818724
0.8242523464393429	0.7495331436664079	0.8242523428052886	0.7495331374860102	0.6900055330355566	0.769514967410416	0.6900055324150458	0.7695149611625471	0.7530584164044094	0.7530584128914872	0.7530584085217455	0.7530584086430897	0.769514970710721	0.6900055344794677	0.769514966473782	0.6900055339195338	0.749533151712538	0.8242523452950696	0.7495331464644666	0.8242523505662303
0.8112264763147883	0.7352666886834639	0.8112264747200362	0.735266684234013	0.6754446948481794	0.7621337173096274	0.6754446955817869	0.7621337152455931	0.7419185752769051	0.7419185759904958	0.741918572160369	0.7419185754822417	0.762133715820612	0.6754446947406196	0.7621337160044623	0.6754446973587092	0.7352666896721044	0.8112264759065873	0.7352666874430132	0.8112264813284259
0.7979801154807428	0.721027770362931	0.7979801130499453	0.7210277663975363	0.6611580189352859	0.7550939055846599	0.6611580182578344	0.755093904394505	0.7308032514398	0.7308032490479838	0.7308032450451469	0.7308032486431578	0.7550939052672074	0.6611580169394956	0.755093905919248	0.6611580180776544	0.7210277683710734	0.797980111889694	0.7210277663467056	0.7979801153571072
0.7846989282500726	0.706987052673066	0.7846989251351693	0.7069870493163651	0.6472942866907825	0.7484272431458906	0.6472942854447592	0.748427242710991	0.7198180396237118	0.7198180369571043	0.7198180352578016	0.7198180368669982	0.7484272417722337	0.6472942835449511	0.7484272406311416	0.6472942821150508	0.7069870488026168	0.7846989229146231	0.7069870493432442	0.7846989238285034
0.7716008106447345	0.693339406839824	0.771600806892248	0.6933394022220353	0.6340158994651934	0.7421675690047806	0.6340158987700028	0.7421675691786904	0.7090932564186782	0.7090932528387368	0.7090932533126122	0.709093254299989	0.7421675655990143	0.6340158952221364	0.742167563300925	0.6340158932463894	0.6933394022965009	0.7716008076121808	0.6933394039072103	0.7716008074254255
0.7589293711826745	0.6802991642206105	0.7589293712860122	0.6802991629131178	0.6214956432563807	0.7363531771836567	0.6214956426821099	0.7363531731290635	0.6987830173632603	0.698783013243417	0.6987830163390681	0.6987830146725696	0.7363531780107185	0.6214956436164419	0.7363531741168121	0.6214956425577154	0.6802991695128996	0.7589293733722375	0.6802991678070704	0.7589293730911898
0.7469442381362457	0.6680927857092176	0.7469442380040013	0.6680927852556446	0.6099118072990658	0.7310284782886097	0.6099118057161146	0.7310284775134508	0.689061461115467	0.6890614595426852	0.6890614612321663	0.6890614609987074	0.7310284742540019	0.6099118091164046	0.731028473263831	0.6099118034957656	0.6680927846743883	0.7469442414040283	0.6680927914193403	0.7469442380496806
0.7359090961404726	0.6569494150924489	0.7359090958053628	0.6569494127030303	0.5994419214435535	0.7262443620274232	0.5994419205810723	0.7262443606376215	0.6801160088854208	0.6801160084469868	0.6801160068449001	0.6801160088575227	0.7262443590815985	0.5994419236212741	0.7262443566517208	0.5994419228526507	0.6569494194429368	0.7359090964500707	0.656949416691032	0.7359091032731541
0.726078961611162	0.6470905701488153	0.7260789614830513	0.6470905695135873	0.5902558557827035	0.7220570247739205	0.5902558531380309	0.722057026627885	0.6721382971603426	0.6721382933262424	0.6721382938353712	0.6721382949733985	0.7220570225083441	0.5902558594463335	0.7220570177673642	0.5902558580519569	0.6470905743201039	0.7260789652038075	0.6470905735160838	0.7260789699471819
0.7176881008296844	0.638720055398869	0.7176881017028883	0.6387200559021216	0.5825089529096842	0.718525218553136	0.5825089494387212	0.7185252199530094	0.6653137520885882	0.6653137460855835	0.6653137472597617	0.665313746169512	0.718525215656296	0.5825089516982338	0.7185252123388579	0.5825089506785935	0.6387200538314728	0.7176881041484822	0.6387200566510589	0.717688103000268
0.7109397866572023	0.6320151596179726	0.7109397867917985	0.6320151594524102	0.576335934292735	0.7157062453913168	0.5763359319552933	0.7157062467445582	0.6598109466044074	0.6598109415512774	0.6598109404785226	0.6598109406078558	0.7157062427760372	0.5763359357779233	0.7157062384745309	0.5763359340615603	0.6320151587666493	0.7109397904421346	0.6320151636362972	0.7109397882245283
0.7059985363018699	0.6271197695403294	0.7059985364989727	0.6271197700827419	0.5718460284794318	0.7136513087459961	0.5718460263924858	0.713651309561482	0.6557718566139372	0.6557718504995735	0.655771850320578	0.6557718507646245	0.713651306119613	0.5718460273770932	0.7136513032254217	0.5718460263843983	0.6271197699154132	0.705998537215891	0.6271197720892103	0.7059985382435042
