1.2851488774435676e-16
1.2742887861003343e-16
1.262674817156331e-16
1.250122047714387e-16
1.2365572987377617e-16
1.2221185598200443e-16
1.207169181267481e-16
1.1902020784298496e-16
1.1725677791184406e-16
1.1541349560991276e-16
1.1344366877284253e-16
1.1138883818707917e-16
1.0925779530304141e-16
1.0700137114541718e-16
1.0466701066336782e-16
1.0228811644837356e-16
9.981473166861078e-17
9.729604553880192e-17
9.472702920484626e-17
9.215524007689552e-17
8.958703692928696e-17
8.704555334811747e-17
8.455960133469207e-17
8.215945586912426e-17
7.987833813790562e-17
7.77513058430856e-17
7.581421796128683e-17
7.410242938011349e-17
7.264933891226249e-17
7.148487787652609e-17
7.06340636743223e-17
