4.300090542009739e-10
3.801875702349445e-10
4.2006275771543627e-10
5.148016721190675e-10
4.4305120737107303e-10
5.121614976688107e-10
5.315842496574131e-10
6.630289526748035e-10
6.391649592975822e-10
7.505567347297755e-10
7.336838362824959e-10
8.779542109781776e-10
7.842118177599104e-10
5.278195045358514e-10
7.029632531088593e-10
5.37952590901122e-10
5.850209513920302e-10
4.2520712456376933e-10
1.490929102956783e-10
8.666341550966942e-11
9.580243064658329e-11
9.274532235134225e-11
1.5403663359896366e-10
7.562335729961198e-11
1.4433410877513384e-10
1.1499926781237192e-10
1.8330847605987183e-10
2.603744380062448e-10
4.067913191206144e-13
-1.3907589340565984e-15
-1.7720228405195872e-15
