0.005479221803398104
0.006974178475502413
0.007713113049248932
0.005553237606363837
0.005682831586454995
0.005904731202463154
0.006413698531105183
0.006688522691547405
0.007012742978986353
0.0067191237467341125
0.006608350347960368
0.006503128272015601
0.006310037977527827
0.006535835156682879
0.006319258885923773
0.006720962410327047
0.005916528461966664
0.0059745460748672485
0.005605677259154618
0.005569422268308699
0.005913304630666971
0.00678679347038269
0.007874047732912004
0.0096041951328516
0.011802775552496314
0.014958713436499238
0.019651034846901894
0.02781030349433422
0.042452932335436344
0.0738623645156622
0.1642497442662716
