-136.92173918499103
-145.7116241897052
-155.09276491453758
-165.10416427187218
-175.78908455293896
-187.19617503127517
-199.3812711945576
-212.40910923704817
-226.3558881444938
-241.312389077122
-257.3879009972588
-274.71524658676043
-293.45719906046025
-313.8148812383364
-336.0388016372343
-360.443691600998
-387.4287743457627
-417.5060936418754
-451.3408841550478
-489.81052754953845
-534.092950217175
-585.8032397299162
-647.2121135622009
-721.6099123423016
-813.9431933217361
-931.9962878800093
-1088.7532622556719
-1307.5924395668928
-1635.2703243261049
-2180.870591946905
-3271.597658065675
