-69.48843894524907
-74.91983184352283
-80.85818660868769
-87.35587068154274
-94.47133047550642
-102.27007114013682
-110.82584379999389
-120.22207919957191
-130.55381394851156
-141.93004268103576
-154.47678832361822
-168.34106633151873
-183.6960887104551
-200.74813337610462
-219.74575271110885
-240.99225636002765
-264.8629314290745
-291.8291720698056
-322.4930258740128
-357.6377331723101
-398.30364659942035
-445.9057205789134
-502.42169390213184
-570.7060516539077
-655.0398534755101
-762.1523501979091
-903.2647752449801
-1098.5872430163104
-1388.5614166031587
-1867.5885656730034
-2818.9410219216325
