1.46556389810005
1.5898797609283304
1.7241508937249856
1.868904677679891
2.024658835143496
2.191922321175217
2.371204343166269
2.5630063850091993
2.767856574387893
2.9863124792406386
3.2189800142682445
3.4665324416783965
3.7297231596261784
4.009384937402665
4.306407542124675
4.621676286757359
4.955955637643327
5.309697013047874
5.682761064217097
6.074065626341687
6.481193840165175
6.900048317712601
7.324660779638233
7.747264040325496
8.15867995400839
8.54897553878005
8.908249360214045
9.227366517336257
9.498494826860407
9.715379551105555
9.873383304670734
