5.496896592594381e-10
3.8923641976148244e-10
5.892167721532121e-10
5.414921847174436e-10
6.748585097125154e-10
7.359018886253305e-10
7.856320239965388e-10
1.0106092350312768e-9
1.0057944831863797e-9
1.0519796007776883e-9
9.828746836987477e-10
1.2408350755548435e-9
1.0045709509741314e-9
9.194240478735954e-10
8.507565131188763e-10
7.027379983598332e-10
7.079146302526015e-10
4.953836255406153e-10
1.9426310280767223e-10
6.020554600513512e-11
9.699094244870438e-11
9.709739898807708e-11
1.4132415938464766e-10
1.2050659435314803e-10
2.0381967473974734e-10
1.5330759531699487e-10
1.9583579339986633e-10
1.5758993240623143e-10
5.947346801856256e-13
-2.3571709787231795e-15
3.5079917364894967e-14
