0.03366432863986165	0.028065172585358397	0.0336643055941145	0.028065190402308093	0.026097871109786692	0.026686450151931034	0.026097859744948066	0.026686473289741695	0.02673921808664444	0.026689397004515017	0.0267392037964057	0.026689418272723676	0.02668947937514905	0.02673900697336294	0.026689466679127555	0.0267390217169476	0.0266859866689292	0.026101758189204564	0.026685970840291354	0.026101766905397217	0.028077470281899008	0.03354699275007624	0.028077471073545985	0.033546992114420776	0.00010086065676510306	1.2632683158063951e-23	0.00010086208807872016	3.390605727299406e-26
0.03684357647461613	0.030210630157861452	0.036843545137949074	0.03021065579271785	0.027950111196456795	0.02869378185100346	0.0279500934138518	0.028693818942992135	0.028750957677523153	0.0286839762652598	0.02875093708447585	0.02868400347515069	0.028684096520645786	0.028750668371456733	0.02868407590475808	0.02875069566490795	0.028693136100830356	0.027955118744631597	0.028693118847930323	0.027955137066719548	0.0302266304495385	0.03670161368279176	0.03022663161930092	0.03670161429418312	0.00012055951973212983	2.8787410473051017e-22	0.00012056168169397643	9.379003107203549e-24
0.04033781861956695	0.03248186717904547	0.04033776546091446	0.03248189884698936	0.029892249669031278	0.030830373909521504	0.02989222734607941	0.030830423738710127	0.030889656880016124	0.03079995407745626	0.03088963202083422	0.03079999333280653	0.030800125869184437	0.030889265824684098	0.030800100484008417	0.03088930721813893	0.030829461592607032	0.029898747504591486	0.03082949152535004	0.029898758434432106	0.03250269953096152	0.0401658678236674	0.03250270276664285	0.040165862393963504	0.00014415950595130192	2.2972416491611963e-22	0.00014415966588850207	9.597100245117463e-28
0.04417503634403054	0.03487501501569538	0.0441749470662314	0.03487505882592196	0.031918741584323396	0.03309985576392255	0.031918756937724155	0.03309989355917071	0.033157183192567254	0.033037665018965406	0.03315720124944177	0.03303766590447344	0.033037860155372197	0.033156659368411834	0.03303781551204183	0.03315668815929894	0.03309853472234759	0.0319271206665383	0.03309856065978934	0.03192714095347934	0.034902117484100485	0.04396654448764249	0.034902114757334644	0.043966540230622325	0.0001723916525465744	1.7717013270610017e-21	0.00017239098011374293	1.703125668433018e-26
0.04838463029386877	0.037383390577040196	0.04838449465952558	0.03738345087206315	0.03402201211408238	0.035505402960261764	0.03402202348420242	0.035505454659794405	0.03555430609666801	0.035395806967713474	0.03555430613502684	0.03539580453944882	0.035396116860539256	0.03555366584662381	0.03539612489089044	0.03555366431999256	0.035503606177557864	0.034032845526578356	0.03550362039895273	0.034032838489628396	0.037418608671267756	0.04813166685706011	0.03741861304276921	0.04813166505944337	0.0002061120167072088	1.596637090784772e-22	0.00020611043476159984	1.0760207526617886e-24
0.05299726100013836	0.03999717606755526	0.05299706561579694	0.039997261335068285	0.03619234658951528	0.03805020273486539	0.0361923588554093	0.038050279864640615	0.03808068819116542	0.03787178638965526	0.03808069571855894	0.037871785508784374	0.037872288709985685	0.0380798801709078	0.03787232159669058	0.038079830243955406	0.03804770368181711	0.036206313607777874	0.03804771315564267	0.036206315599774705	0.04004289370760677	0.052690242221571655	0.04004290402354337	0.05269024310192608	0.0002462994632169317	4.381058398190909e-22	0.0002462991838708092	7.150186126582037e-24
0.05804457174381794	0.042703326290823865	0.05804457552404737	0.04270332183875995	0.0384179886192315	0.04073750691216784	0.03841798510045576	0.04073750210917103	0.04073476806058836	0.04046134317635123	0.040734775334199995	0.040461343233214715	0.04046205573126586	0.04073364543049366	0.040462069446509784	0.040733641636896654	0.04073393720532033	0.038435876640770764	0.0407339510939057	0.038435878224849174	0.042762314301040896	0.05767197640751912	0.04276232647680378	0.05767196488247665	0.0002940760116996247	6.812281767445004e-24	0.0002940739359556292	3.9467869978745014e-24
0.06355894068342689	0.04548442048138975	0.0635589475234321	0.045484419817454054	0.04068467133848587	0.04357047928336904	0.04068467590548726	0.04357047365070819	0.04351356603137716	0.04315836842176275	0.043513579920955905	0.04315837304734403	0.043159441002692554	0.043512083970801405	0.043159459118122676	0.04351209186211884	0.04356550356534541	0.04070771236648998	0.04356552820702577	0.04070772050458418	0.04556063665423672	0.06310687167062876	0.04556064456359305	0.06310687745524204	0.0003507060615894636	3.122593828670816e-20	0.000350707863549553	5.592331465881372e-24
0.06957289571083351	0.04831974646575307	0.06957291403389769	0.04831973868284526	0.042976340988341855	0.04655296789230473	0.04297634206747409	0.046552954768023944	0.046412569004339196	0.045954994448394924	0.046412581099097405	0.045954979923830123	0.04595659258011741	0.04641065255468327	0.04595661163209087	0.04641065337310264	0.04654604150263441	0.04300601783740705	0.046546066264218804	0.043006013556273974	0.0484179039741894	0.06902484447392782	0.04841791136107118	0.06902484817607661	0.00041760482612165705	6.0549725762716716e-24	0.0004176041979124838	2.78698536667947e-23
0.07611861810820073	0.05118450619098715	0.0761186380483938	0.05118450331727712	0.04527492915048804	0.04968939263919511	0.04527492867823051	0.049689380065658935	0.04942560704594231	0.04884143239799807	0.04942561590104435	0.04884142863459326	0.048843830900572614	0.04942316679173314	0.04884383275163632	0.049423155891569835	0.04967977106620519	0.04531309339577596	0.04967978123846614	0.04531307915032663	0.051310499130595884	0.07545495979942017	0.05131050429725213	0.07545495118829883	0.0004963167939871009	1.002622445130038e-19	0.0004963162775635691	5.491444468607773e-24
0.08322709833355944	0.05405014893752346	0.08322711942108857	0.05405014975697192	0.04756064718982077	0.05298512267767683	0.04756064457646364	0.052985117483074703	0.05254463645465921	0.05180610952841227	0.052544643028550886	0.0518061137621247	0.051809675625357016	0.05254155053841563	0.05180968467402128	0.052541541849557186	0.05297179645676665	0.04760963120583221	0.052971810776358146	0.04760963062130119	0.054211219889652024	0.08242470317487081	0.05421121916426195	0.08242468763180713	0.0005885156014154831	3.074891366945397e-20	0.0005885146287381931	1.0987892906622672e-23
0.09092699530833342	0.05688470643012409	0.09092700906600705	0.056884718693837634	0.04981233183361107	0.056446655703751264	0.049812333371500934	0.05644665276436553	0.05575950617088154	0.054835672787011784	0.05575950972484737	0.05483567938425026	0.05484098440641957	0.05575567012182176	0.05484096830071333	0.055755657618086145	0.05642820663827151	0.04987508639987881	0.05642821874466639	0.04987509549893074	0.05708963994021024	0.08995891329125379	0.057089631445285775	0.08995889580909495	0.000695981981284287	1.9967223863441918e-21	0.0006959780660585377	3.501877426256762e-24
0.0992433733329184	0.05965331630220154	0.0992433792427932	0.0596533228430609	0.05200780417391529	0.060081676934003646	0.052007811249088064	0.060081669309446195	0.05905772666594383	0.057915150251258284	0.059057734753055174	0.05791515869815869	0.05792297013346921	0.05905307196105971	0.057922974383286585	0.059053081787849536	0.060056230972467387	0.05208800827811633	0.06005623942283089	0.05208800861024723	0.05991268549186893	0.09807839881121301	0.05991267396049608	0.09807840789136112	0.0008205381872850178	1.4211168380535242e-22	0.000820532516531197	1.818766169218095e-23
0.10819583386728023	0.062319026560102436	0.1081958450378508	0.06231902151976074	0.054124393471230575	0.06389908475253472	0.054124400588378654	0.06389907649514937	0.062424154063734597	0.06102819445922528	0.06242415889616039	0.061028188024236193	0.06103958293105248	0.06241869582097737	0.06103958773242418	0.06241870055174275	0.0638641144741744	0.05422658239248772	0.06386412949055062	0.054226577971846816	0.06264536398210648	0.10679832852087494	0.06264536675971677	0.10679831990736069	0.000964022883001666	1.748669833309472e-21	0.0009640227301100658	1.0568161487551845e-26
0.11779628951697117	0.06484382380126734	0.11779628777645001	0.06484381876055693	0.05613949515083025	0.0679086831565275	0.05613949940870755	0.06790867660201719	0.06584063038312864	0.06415730613797524	0.06584063700101486	0.06415730224413177	0.06417375625037593	0.06583449603023253	0.06417376366955721	0.06583450026209295	0.06786084795028006	0.05626919113346752	0.06786086393254517	0.056269184814957296	0.06525181076543775	0.11612597119559122	0.06525181159621615	0.11612596438085171	0.0011281938375159177	1.3119834059789733e-24	0.0011281929682727533	2.4533278226286534e-25
0.12804608755870564	0.06719000479366201	0.12804609345923057	0.06719000041864763	0.058031259699994155	0.07212052812987439	0.05803126453228995	0.07212052403404777	0.06928571075670167	0.06728416786452492	0.06928571481254847	0.06728416988988978	0.06730773804367844	0.0692791583548565	0.06730774772978085	0.06927916434377708	0.07205549452587044	0.058195071166039496	0.0720555112881699	0.058195067599697954	0.06769652425429007	0.12605816667234107	0.06769653735458635	0.12605815818038937	0.0013146280651087534	8.525137133860792e-22	0.001314627452751214	1.3256218435990417e-24
0.13893269270141984	0.069321743584546	0.1389327017869128	0.06932173916916418	0.05977943790396649	0.07654395555339899	0.059779438126214966	0.07654395419203706	0.07273430700235056	0.07039010509511406	0.07273430474504529	0.07039010433030063	0.07042352173397033	0.07272788058841485	0.0704235286965134	0.07272788265673263	0.07645612842530626	0.05998514227879598	0.07645614441538677	0.05998514141408198	0.06994584439510677	0.1365782258602914	0.06994584865527691	0.13657822528179858	0.001524602500138078	8.635539356216893e-21	0.0015245995422835576	3.730971353874976e-24
0.15042572730192458	0.07120688638185181	0.15042574438491496	0.0712068826800123	0.061366250557698176	0.08118587044941286	0.06136624276894012	0.08118586809004216	0.07615755442114876	0.07345638279532243	0.07615755621748684	0.07345638096697034	0.07350322240293525	0.0761521039772884	0.07350322611404297	0.07615210818638282	0.0810682569028054	0.06162280644902617	0.0810682644266748	0.06162280732882499	0.07196962279869365	0.14765236900588974	0.07196962246490543	0.14765236989942815	0.0017589320634190699	3.9182473208331005e-20	0.001758930917516234	1.5278926609150766e-25
0.16247277425580026	0.07281894943797962	0.16247279524051658	0.07281894600536758	0.06277741088960656	0.08604856159387186	0.06277740561187005	0.08604855819557342	0.07952295658653745	0.07646464275592951	0.0795229606318475	0.07646464273965069	0.07652945212882871	0.07951976123628308	0.07652945069258893	0.07951976499861352	0.08589256215658829	0.06309486374751413	0.08589257327692476	0.06309486699341833	0.07374296757567675	0.15922597740863403	0.07374296655445	0.1592259794594426	0.0020178062185708515	1.0784551229088793e-22	0.0020178047475932757	8.445060073901731e-26
0.17499512367219613	0.0741391132492161	0.17499512745719642	0.07413911556170907	0.06400311722200745	0.09112676507214389	0.06400311299207856	0.09112676438890262	0.08279479652030404	0.07939708366074849	0.08279479733065956	0.0793970867614905	0.07948551339128908	0.08279560759109451	0.07948551628766211	0.08279560935766478	0.09092208425051282	0.06439238561295206	0.09092209187519591	0.06439238588701553	0.07524803045174425	0.17121980398399544	0.07524802900653249	0.1712198034078835	0.0023005725668095592	1.1739626569229062e-22	0.0023005694352513533	3.1813675549840155e-26
0.18788379312921039	0.0751580845108688	0.1878837952670719	0.07515808762307101	0.06503893558877219	0.0964041091596764	0.06503893182371745	0.09640410525453043	0.08593511237947779	0.08223657451833952	0.08593511231765183	0.08223657664026611	0.08235540785679786	0.08594221285554733	0.08235540784179225	0.08594221436942044	0.09613886895389018	0.0655114577969845	0.09613887803825827	0.06551145470012897	0.07647559250284025	0.18352672972368467	0.07647559558247921	0.18352673151455298	0.002605557212251876	1.1126938508759967e-23	0.0026055540114430548	3.4804954776254975e-24
0.2009970014860959	0.07587761884815689	0.20099700237289478	0.07587761993515175	0.06588649688500917	0.10184937739276004	0.06588649615924151	0.10184937471375455	0.08890525840981728	0.08496646890784053	0.08890525585465246	0.084966470724324	0.08512353749000934	0.08892140677843079	0.08512353749119181	0.08892140934277408	0.1015103941460939	0.06645369235570152	0.10151039756375477	0.06645369064561366	0.0774262922593918	0.19600959909793095	0.07742629240431588	0.19600959983123634	0.0029298574250693926	1.5947789260027798e-23	0.0029298565953579194	1.8052958406410104e-26
0.2141591759035831	0.07631144378098423	0.21415917869105106	0.07631144490353559	0.06655374662136782	0.10741278751605429	0.06655374590049734	0.10741278855597196	0.09166797266010583	0.08757013085953616	0.09166797260892412	0.08757013253430336	0.08777407008334896	0.09169630367556711	0.08777406894989283	0.09169630383762875	0.10698611120595988	0.06722634363292357	0.10698611401655261	0.06722634106729897	0.07811125763589256	0.20850080263964382	0.0781112572554313	0.20850079978265612	0.0032691757748556927	8.382164545573514e-24	0.003269174780623752	5.521271288806114e-28
0.22716265954836953	0.07648535797787723	0.22716266266113722	0.07648535851915744	0.06705472045692001	0.11302314394291565	0.06705472137601709	0.11302314266805774	0.0941898561468662	0.09003031331100309	0.0941898580242053	0.09003031490653404	0.09029004685612489	0.09423367483829281	0.09029004487881484	0.09423367796211223	0.11249495920441896	0.06784193171983952	0.11249496034556276	0.06784193131542515	0.07855203111934879	0.22080428563274795	0.0785520307325959	0.2208042854118223	0.0036177326572538974	1.771244745878218e-24	0.003617732601403966	1.9051127756955555e-32
0.23977240294295846	0.07643635387964101	0.23977240454343215	0.07643635434034157	0.06740875337516333	0.11858648356298133	0.06740875391772119	0.11858648183977838	0.0964439236560278	0.09232835090280679	0.0964439242140601	0.09232835072008613	0.09265238476799745	0.09650639702898739	0.0926523838445417	0.09650640046088681	0.11794431900051797	0.06831735315878573	0.117944320443847	0.06831735173863637	0.07877956958693537	0.23270030591317314	0.07877957116517817	0.23270030578630255	0.003968260649735479	1.116275019868238e-27	0.003968260250815946	3.17226927760628e-32
0.25173374294311196	0.07621070160867148	0.2517337449824171	0.07621070202723602	0.06763913056432662	0.12398700125566427	0.0676391293069335	0.12398699897990496	0.09841174394015964	0.09444351764168449	0.09841174402094359	0.09444351648231421	0.09483896107741006	0.09849553782441808	0.09483896155871653	0.09849554264519904	0.12322123216379337	0.06867251525831396	0.12322123651226728	0.06867251533369001	0.07883242592387454	0.2439529710654779	0.07883243012960363	0.24395297064486302	0.004312144421123305	1.0025919466003607e-28	0.004312146422749728	7.047666828124058e-32
0.262782904385585	0.07586113042730398	0.26278290441804697	0.07586113223396831	0.06777136883451587	0.12909073553095868	0.06777136794896746	0.1290907341210572	0.10008468324671897	0.0963527334697761	0.10008468359291128	0.09635273270279313	0.09682418407470068	0.10019155040954406	0.09682418736412303	0.10019155402568149	0.12819618884997802	0.06892867078151027	0.1281961904704033	0.06892867313019063	0.07875418401649613	0.2543200397662038	0.07875418679037102	0.25432003994027674	0.0046396978515463455	4.811523287308199e-30	0.00463969858664817	3.2780300338095744e-32
0.2726591310442193	0.07544335083399614	0.27265913061931085	0.07544335281841079	0.0678313409898164	0.13375198895178325	0.06783133968730407	0.13375198653906298	0.10146386303117161	0.09803084892673379	0.10146386322401474	0.09803084713481239	0.09857925269477147	0.10159428004590541	0.09857925743361803	0.10159428495390782	0.1327294875263743	0.06910671177130263	0.13272949171670592	0.06910671903339359	0.07859041444810276	0.2635641199681302	0.07859041720486178	0.2635641139637664	0.0049406071074375	7.379439366319661e-28	0.004940607390487206	1.218042344297865e-31
0.2811174052870302	0.07501226698254963	0.28111740627281073	0.07501226730837818	0.0678434837639996	0.13782212502880226	0.06784348305728984	0.13782212119757228	0.10255871928904998	0.0994516329737297	0.10255871757483995	0.09945163010664486	0.10007332498462607	0.1027116296039245	0.10007333111539954	0.10271163114035765	0.1366796833330361	0.06922568559653652	0.13667968501264063	0.06922569222841111	0.07838556075968431	0.27146396325797767	0.07838556537583607	0.27146395944096874	0.00520449647185901	1.6349906755229433e-30	0.0052044975371669695	2.6067288408065975e-32
0.2879403770659366	0.07461831613111591	0.2879403777872957	0.07461831673964284	0.0678293113052088	0.141159803717864	0.06782931057272011	0.14115980071616133	0.10338428941622443	0.100589377173072	0.10338428764984131	0.10058937690038379	0.10127553905908473	0.10355697258540396	0.10127554049968036	0.10355697395273317	0.13991321170682086	0.06930166874529387	0.13991321629824413	0.0693016720784452	0.07817998938429756	0.2778248749648444	0.07817999350844461	0.2778248758023166	0.005421585132483037	1.9297774713088092e-29	0.005421587113157038	6.0982369639763555e-33
0.2929485958141124	0.07430419704071788	0.29294859609378554	0.0743041963373678	0.06780632584215565	0.14364153014356879	0.0678063243467813	0.14364152790551932	0.10395770706141015	0.1014209364198415	0.1039577047848276	0.10142093644472873	0.10215764502840713	0.10414586141035888	0.1021576508841561	0.10414586387788935	0.14231406679703154	0.06934719486814364	0.14231407182040193	0.06934720018565273	0.07800751846045037	0.28248725878709563	0.07800752116450033	0.2824872614782157	0.005583365317474738	3.327253969497927e-29	0.005583365240054146	8.040208072165093e-33
