2.61778013128964e-11
4.0984472278331264e-11
3.511640205184306e-11
5.3535913288079216e-11
6.238137598473388e-11
7.310875232938797e-11
3.4971075393296306e-11
2.380521742392557e-11
5.635060132104189e-11
5.4670325265617734e-11
9.648884073303086e-12
1.9571328306618173e-11
2.950494384885603e-11
6.782203155309476e-11
1.820424628144192e-11
2.0765961776279173e-11
1.0126144548931648e-10
2.4869955331367473e-16
3.5392369275917504e-16
1.473960881573597e-15
6.22266799495968e-15
2.7690452434687313e-14
-3.400515980607712e-16
-2.242732494893557e-16
-2.323527546107147e-16
-2.1210953783673314e-16
-1.6378554926745867e-16
-3.038875748934789e-16
-1.4971477991663966e-16
-3.8782360940015776e-16
-3.698151660983527e-16
