56.048443157869215
58.533402057755055
61.02334462542346
63.496996067137395
65.93035271517027
68.29672552015397
70.5671304589117
72.71034270648049
74.69328390059363
76.48139972413577
78.03904678924438
79.32993934881574
80.31756546128983
80.96564141478373
81.23850887504179
81.1015413972002
80.52151020616913
79.46700018408856
77.90884476772918
75.82064422201833
73.17941152481175
69.96642709813652
66.168311710493
61.77840769340159
56.79842997730658
51.24033859021866
45.128280213949694
38.50033058715797
31.40970975781476
23.925113532535267
16.129878531531773
