1.4061349054408646e-26	0.00010086063318396657	3.841030465615042e-24	0.00010084661785895066	0.03354697932708152	0.028077461352502164	0.03354698182629174	0.028077441931401475	0.026101803735106073	0.026685910751732253	0.026101830910767412	0.026685891063818277	0.0267383661120456	0.026691813373963775	0.026738380878996167	0.026691791552497065	0.026694573054246114	0.0266945745916518	0.026694584191692225	0.026694552385377664	0.026691736195424046	0.026738571630515788	0.026691751939746856	0.02673855130548836	0.026686380428713442	0.026097929224301583	0.026686393417735123	0.026097912011041426	0.028065181513174817	0.033664331037045934	0.028065199855233244	0.03366432187477781
3.187298325173462e-23	0.00012055946247614501	6.323002597953551e-25	0.00012054064564326703	0.03670159386305391	0.030226615001612167	0.0367015994659025	0.03022658871471863	0.027955192901048784	0.028693054821661363	0.027955231396540634	0.028693029137098938	0.028749639766958757	0.028687215629837347	0.02874965919999168	0.02868718717075266	0.02869229017740372	0.028692298360666484	0.028692315159780192	0.028692269482243866	0.028687100996351692	0.02874992173361663	0.02868712581911285	0.028749895787703816	0.028693704399205263	0.027950204721515663	0.028693731067036085	0.027950185719324828	0.030210639597138458	0.03684357840476945	0.030210666257635962	0.03684356375588309
3.119466641660085e-22	0.00014415631319382671	9.261079067529779e-21	0.00014413007748282305	0.040165825319131016	0.032502659373178915	0.04016582786722576	0.03250261920427306	0.029898819446284246	0.030829396317569535	0.02989888116918396	0.0308293634487022	0.03088762982519838	0.030804229124928063	0.030887672011850522	0.030804186315770418	0.030813033978051418	0.030813053069921416	0.030813075530146044	0.03081301473652593	0.03080404836571607	0.030888021491151572	0.030804087264354997	0.030888004305378712	0.03083030735339243	0.029892424080439423	0.030830358950737026	0.02989242045190937	0.03248191100058277	0.0403378046528025	0.03248190661446422	0.0403377984022325
3.265192580659111e-25	0.00017238959141369583	6.447338550978108e-22	0.00017234793511397312	0.043966483889137695	0.034902038167092427	0.043966481819638685	0.034901997278505334	0.031927274875858336	0.03309852112388688	0.03192736062201063	0.03309852496801703	0.03315413790192523	0.03304311586652585	0.03315414090363415	0.03304309421274857	0.03305784165138172	0.03305781218550741	0.03305784323075977	0.03305776321895478	0.03304282304586783	0.03315459637902352	0.033042888636313814	0.03315457146261582	0.033099784239579745	0.031919006390234525	0.03309984972720029	0.031919005998829894	0.034875068352969954	0.04417501409434316	0.03487506320147696	0.04417500949700548
2.714662860595117e-25	0.00020610939573521085	8.602725372635231e-23	0.00020611078246107775	0.04813163829135256	0.03741854583346067	0.04813164415372684	0.037418543711552385	0.034033182307670905	0.03550368317389211	0.03403318335160486	0.03550368654596922	0.03554967575299814	0.0354026454074659	0.03554966784672913	0.035402653207917766	0.035426564292457025	0.03542651652371877	0.035426559131948414	0.03542651694867931	0.0354023459067224	0.0355503275946864	0.035402339027853356	0.03555033556308183	0.03550551791666025	0.03402241143050723	0.03550551781973058	0.03402241346306359	0.03738343903403542	0.04838458441094563	0.03738344326562605	0.048384583377996344
1.239218978264858e-23	0.00024629587133156273	2.858840241027572e-21	0.00024629778137746835	0.0526902018444335	0.04004275728301161	0.052690211612445734	0.04004275507938124	0.036206843445025026	0.0380480373099548	0.03620683726848035	0.03804803805072753	0.038073731732494044	0.03788006560961262	0.038073726675910115	0.03788006847543776	0.037917895516294806	0.03791782923530924	0.03791789128300702	0.037917836853425924	0.03787960628168208	0.03807461963732215	0.03787960546364616	0.03807462147335029	0.038050597208248965	0.03619294343505112	0.03805059692732565	0.03619295149360277	0.03999721163429174	0.05299719720923462	0.03999721568759717	0.052997200345859315
5.532823627221525e-25	0.00029407531203172173	3.0575841990403144e-25	0.00029407551851694816	0.05767192143053005	0.04276205266902214	0.057671918642163	0.04276205071133712	0.03843666654610371	0.04073478624491264	0.03843665601230627	0.040734782715171426	0.040724432832321786	0.040470803151206956	0.04072442892742193	0.0404708186193012	0.04052946419179382	0.040529391855930894	0.04052946884829471	0.040529401498003916	0.04047012044219401	0.04072562774486916	0.040470129446367076	0.040725639726707126	0.04073834809352271	0.03841875670943499	0.04073835587607416	0.03841875938852283	0.042703067817105284	0.05804451975833768	0.042703075789887364	0.05804452320679171
4.487875434177968e-22	0.0003507039925723712	4.521933684022593e-25	0.00035070719280507184	0.0631068265169224	0.04556013829074693	0.06310682284370737	0.04556014834216433	0.04070886345391355	0.043567334301111565	0.04070885841314907	0.04356733906027855	0.04349840310990108	0.043168322610157774	0.043498406159759764	0.04316832772775898	0.04325773327014075	0.043257621344540635	0.043257739945243824	0.043257629311507895	0.04316731302119413	0.04349999066634827	0.0431673232008812	0.04350001120738577	0.043572269682686265	0.04068578858918689	0.043572292062307255	0.04068579333029036	0.04548393785243587	0.06355892037473031	0.04548393830939167	0.06355891099909634
1.3439318762478306e-24	0.00041759416382842373	6.880439785459571e-24	0.0004176003360125561	0.06902481971844872	0.0484170387471697	0.0690248214111409	0.048417042700237604	0.04300762412022408	0.0465496257304502	0.04300761337333502	0.04654963534738956	0.046390608838281916	0.045963922646685355	0.04639060961964124	0.0459639254561121	0.0460980184958475	0.04609788648019688	0.0460980128135331	0.04609789752574879	0.04596242246127566	0.046392721866656016	0.0459624310553631	0.04639272411525221	0.046556480755177106	0.04297791866198402	0.046556491623597915	0.04297792799391705	0.04831887501735284	0.0695729080377411	0.04831887871296476	0.06957291236205308
9.567793701741096e-26	0.0004962993801812251	2.031034545395246e-23	0.0004963071740323161	0.07545505395350295	0.05130898489457003	0.07545505832492626	0.051308988097965635	0.04531523026012574	0.04968639457654036	0.045315227495643574	0.049686393698704326	0.04939426067326151	0.04884655210134519	0.049394256593415294	0.048846560724589476	0.049044712445690905	0.04904458452454406	0.049044711750526056	0.04904458223495345	0.04884435663668559	0.04939701014822794	0.0488443610981455	0.04939701869418205	0.049695896633962615	0.04527706953627873	0.04969589359002992	0.04527706542022329	0.051182996658962816	0.07611875806116822	0.05118299973609744	0.07611876641430006
3.8527897210068715e-27	0.0005884954017195772	3.9945752823072236e-24	0.0005884990483568276	0.08242510739031846	0.054208624051371654	0.08242511577147665	0.05420863753951841	0.047612356547089445	0.052983462806375586	0.04761235797306379	0.05298346311013757	0.05250056332570145	0.0518026628349903	0.05250056986395395	0.05180267236313335	0.0520913876885545	0.052091270391690106	0.05209139425402828	0.05209127196993542	0.05179949378615364	0.05250409386584671	0.05179949885556269	0.05250410037506321	0.05299660857052208	0.047563364842382605	0.05299660958304876	0.047563368428814534	0.054047589375459705	0.08322754339178147	0.05404758904479959	0.0832275297520757
7.5619915915742875e-25	0.0006959442833671839	2.80452989329185e-23	0.0006959454614582445	0.08995999970878707	0.05708533563072783	0.08996001455919005	0.05708534250174347	0.04987829735183612	0.056448075839771086	0.049878295079789386	0.05644807750027991	0.05569857483227518	0.05481602905130496	0.05569857554944739	0.05481603742690574	0.055231087232341484	0.05523096868401916	0.05523108145375185	0.05523097347174823	0.05481149469892936	0.0557030472252205	0.05481149113005422	0.05570305387240895	0.05646621883608872	0.049815525514444695	0.056466220414832825	0.04981552713038115	0.05688046676286283	0.09092811714844203	0.05688046038344851	0.09092812070449546
9.396917775024319e-23	0.0008204745584376577	3.202149665698841e-22	0.0008204759715191215	0.0980809254605294	0.05990569380237703	0.09808092796677335	0.05990570058574299	0.05209131230378743	0.060089086354094164	0.052091315413878764	0.06008908941642484	0.058974976076291916	0.05786761465885842	0.058974987627721194	0.057867621868664544	0.05845637114951653	0.05845634684821817	0.0584563817013107	0.05845635426776579	0.057861148293512916	0.05898053425219078	0.0578611456520792	0.05898054775671797	0.060114031078403025	0.052011095949724584	0.060114040430474594	0.05201109790263214	0.05964642325292635	0.09924589225486843	0.059646416454814846	0.09924588401662118
8.81903789932492e-24	0.0009639192964847166	8.427951505570133e-23	0.0009639194745924006	0.10680357037744619	0.06263428348505473	0.1068035716820319	0.06263428244370747	0.05422907470301734	0.0639170919484976	0.05422907825618497	0.0639170912448774	0.06231393033384136	0.06093539724987395	0.062313934390398194	0.06093539299280213	0.06175976067861426	0.06175997192988045	0.06175976117736855	0.06175998007758888	0.06092625158697909	0.06232068079986574	0.06092625659271227	0.06232067879417394	0.06395122561172692	0.054126906024338756	0.06395123607584735	0.05412689987499215	0.06230807403682219	0.1082010642054553	0.06230807190414	0.10820105605864974
1.2750485066172803e-22	0.0011280253973618192	2.3031680033428864e-22	0.0011280259176645038	0.11613620155201748	0.06523461204305324	0.11613619783094996	0.06523461075555481	0.05626912957741342	0.0679443088319888	0.056269128074283824	0.06794430633556532	0.06569684164003045	0.06399439330389278	0.06569683789973785	0.06399439789747888	0.06513385144089474	0.06513452885980431	0.06513385689237855	0.06513453100455284	0.06398159710798396	0.06570480057171799	0.06398159405428423	0.06570481319916271	0.06799075850672907	0.056139518581919824	0.06799076873618098	0.05613951934916301	0.06482678745212968	0.11780648147792389	0.06482679244092084	0.1178064925771683
1.5311791990827013e-24	0.0013143649452647941	3.436935307879521e-23	0.0013143669203937434	0.12607719299307435	0.06767039217012592	0.12607719509865747	0.06767039180706134	0.058189417395027865	0.07218417673440705	0.05818941332194762	0.0721841752295902	0.06910231925118	0.0670166382846992	0.06910232037426814	0.06701663893680625	0.06857150316672879	0.06857298527001235	0.06857150181873538	0.06857298891655213	0.0669989563056427	0.06911136777263978	0.06699896067903834	0.0691113824290242	0.07224701151384323	0.058025846403798036	0.07224701813242747	0.05802585322820104	0.06716410995715007	0.12806504003457492	0.06716411514210904	0.12806503386591392
1.548735864259226e-27	0.00152420445877291	3.117321481191309e-23	0.0015242089044591987	0.13661216252145802	0.06990697450796884	0.13661216994309786	0.06990697616393428	0.059968936911015173	0.07665057795115858	0.0599689387849571	0.076650578554191	0.07250613580032692	0.06997144703477248	0.07250613075424918	0.0699714457764459	0.07206576009188818	0.07206861732460468	0.07206576126475041	0.07206862125561854	0.06994730597599612	0.07251589596729692	0.06994731474716955	0.07251589867362816	0.07673490291479729	0.05976377298803847	0.07673491885419968	0.05976377784191161	0.06928319129397702	0.1389664356261581	0.06928320252247475	0.13896643163520359
7.758944922114389e-27	0.00175835024443704	2.678334751810734e-24	0.00175835607941172	0.14771067052599732	0.07191301378271281	0.14771067531211046	0.07191301734896857	0.061588437945570694	0.08135633598777745	0.06158843721072055	0.08135633761767876	0.07588136502028765	0.07282581472126606	0.07588136257933492	0.07282581865030213	0.07560976283681367	0.07561484461264446	0.07560976856843601	0.07561484735473789	0.07279330873589186	0.07589111100644765	0.07279331464880677	0.07589111568379266	0.08146852174082318	0.06133298240196749	0.08146853301634907	0.061332982987224574	0.07115070185639395	0.15048362350171404	0.07115069956408085	0.1504836197152651
2.812107892773917e-28	0.0020169812599144694	8.897056439229145e-26	0.0020169891189461787	0.15932265856931985	0.07366227783398234	0.15932266236402334	0.07366228215889714	0.06303124757781749	0.08631113709203549	0.06303124897386814	0.08631113635993198	0.07919878565751469	0.07554525287003219	0.07919878810939315	0.07554525287864798	0.07919619950754123	0.07920474424752855	0.07919620601143741	0.07920474742030344	0.07550209579045704	0.07920731133518177	0.07550210147517157	0.07920731296976043	0.08645889581092411	0.0627158844920783	0.08645889929056473	0.0627158844253658	0.07273877133012897	0.16256867097475233	0.07273876783517765	0.16256866925165658
2.259436600960049e-30	0.002299470428960244	3.456842316728188e-27	0.0022994715460829696	0.17137480243453326	0.07513549972852217	0.17137480215001552	0.07513550231178415	0.06428418223505099	0.09151853225203245	0.06428418086277497	0.09151853160560684	0.08242745728233634	0.07809490067535599	0.08242745538991716	0.07809490330508695	0.0828164534359737	0.08283018906030487	0.08281645424377589	0.08283019128648408	0.07803848559453673	0.08243295456347277	0.07803849684394801	0.08243295904721336	0.09171088576316594	0.06389865156513758	0.09171088864664226	0.06389864973564335	0.0740271035602278	0.1751485968873276	0.07402709774942386	0.17514859438349803
1.0615008607199732e-31	0.002604122586543978	2.2093598492474964e-24	0.002604123366585827	0.18376702260846073	0.0763220851725103	0.18376702238458809	0.07632208901189658	0.06533850993407195	0.09697196479969783	0.06533851001865172	0.09697196201856709	0.08553562097639175	0.08044124837400829	0.08553562149927342	0.08044125106068872	0.08645926460775402	0.08648051221684765	0.08645926326577244	0.08648051828944366	0.0803687139172944	0.0855355706615856	0.08036872047580576	0.08553557566082878	0.09721917140698853	0.06487237431072514	0.09721917821898411	0.06487237648969944	0.0750049937833925	0.18812136043401123	0.07500499094804916	0.1881213460973595
3.3907919877633765e-29	0.0029280628558849067	1.4688814080379159e-25	0.0029280633127020603	0.19636984083167264	0.07722158891178062	0.196369841259752	0.07722159046661986	0.06619094629767963	0.10265016522585863	0.06619094678900188	0.1026501627755341	0.08849182189579419	0.08255423445737423	0.08849182397048387	0.08255423542732163	0.0901089657100874	0.09014070661860782	0.09010896629571091	0.0901407050097647	0.08246258731354818	0.08848293618341199	0.08246259106361807	0.08848293650115645	0.10296338541593446	0.06563417526877752	0.10296338919250564	0.06563417651418096	0.07567301677223784	0.2013525868219489	0.07567301804267759	0.20135258502772632
4.485372933093272e-28	0.003267025600422435	1.3367700018148634e-27	0.003267027020772639	0.20902288725432427	0.07784458436445763	0.20902288827424084	0.07784458468572106	0.06684451619763504	0.10851198916977636	0.06684451962905211	0.10851198609153882	0.09126618620513809	0.08440970453265503	0.09126618665511164	0.08440970486042629	0.09374329386129693	0.09378913951492172	0.09374329301704913	0.09378913889014165	0.08429602964062641	0.09124442683041624	0.08429603133332975	0.09124442918135647	0.10890271637420948	0.06618821755593812	0.10890271780920671	0.06618821916014249	0.07604425625307001	0.2146736257190879	0.07604425538308057	0.21467362300274512
1.4477486283958308e-26	0.003615269184687734	5.108726448102021e-29	0.0036152697386432407	0.22153534044575898	0.07821288750562157	0.22153534201869768	0.0782128887947502	0.06730917350441842	0.11449153017294132	0.06730917840333414	0.11449152639635717	0.09383167812894777	0.08599201381241316	0.0938316788809774	0.08599201238735442	0.09733109162337249	0.0973951638334948	0.09733109458371111	0.09739516277941697	0.08585370018319761	0.0937924726701125	0.0858537017747225	0.09379247301314	0.11497078745161497	0.06654641098812986	0.11497078805970877	0.06654641227120424	0.07614469048362169	0.2278817159634497	0.0761446887459443	0.22788171211277528
2.0864472454407733e-32	0.003965571106725151	3.6508882150156424e-30	0.003965570965695662	0.23368881239686345	0.07835881279869772	0.23368881336793293	0.0783588132140523	0.06760203076433574	0.12049436891649862	0.06760203232517456	0.12049436739789655	0.09616521541074392	0.08729626922231633	0.09616521593319738	0.08729626696709322	0.10083025298012264	0.10091691279750911	0.10083025580923663	0.1009169143222931	0.08713129113153356	0.09610376565180034	0.08713129298165731	0.09610376312473487	0.12107168325258982	0.06672861163620293	0.12107168537663036	0.0667286142198409	0.07601258106127412	0.24074285708445214	0.07601258109824342	0.24074285739852389
3.500105465624356e-31	0.004309333282008603	9.369026808123259e-29	0.004309333727856619	0.24524305737683796	0.07832346260112039	0.2452430587479962	0.07832346244844297	0.06774695430487108	0.1263961527227357	0.06774695493888577	0.12639615180239305	0.09824835007868399	0.08832978292388392	0.09824835406425786	0.08832978001196498	0.10418647294392273	0.10429985896300467	0.1041864735664093	0.10429986182556383	0.08813698334662275	0.09816016144088931	0.0881369875010239	0.09816015871500668	0.12707837769791586	0.06676214374943763	0.12707837692311832	0.06676214604514846	0.07569673905256294	0.25299788977614235	0.07569673804916716	0.25299788616036234
7.062655963395535e-32	0.00463689161013425	4.189589079348972e-28	0.004636892261826703	0.2559445627302835	0.07815414291515477	0.25594456436558316	0.07815414297953087	0.06777348074129083	0.1320446725494593	0.06777348251771832	0.13204467150372834	0.1000674928861522	0.08911221838091513	0.10006749549506652	0.0891122149851856	0.10733343106199768	0.10747685214083362	0.10733343127540768	0.1074768548342476	0.08889154889538076	0.09994900098596032	0.08889155282275885	0.09994900366197795	0.1328347535043755	0.06668048425738567	0.1328347561961648	0.06668048807478662	0.07525368357194741	0.26437180377771713	0.07525368054802045	0.26437180075716066
4.741561698469724e-34	0.0049379209140329745	1.2401717324389657e-31	0.004937920347610528	0.26553759894105755	0.07790108428403765	0.26553760026295004	0.07790108361306246	0.06771499329668182	0.13726610262963046	0.06771499645764648	0.13726610327636266	0.1016135520481389	0.08967410112746392	0.10161355254382134	0.08967409816910558	0.1101948618494441	0.11037013010371922	0.1101948646081007	0.11037013468894685	0.08942676495474633	0.10146284110409752	0.08942676854354009	0.10146284759291495	0.13816202267021577	0.06652121448266163	0.13816202891635337	0.06652121389371853	0.07474391398778088	0.27458596049334455	0.07474391128118739	0.27458595675252895
2.91917309281738e-32	0.005202016246015759	2.809112222821882e-30	0.005202015289864339	0.27377686753295294	0.07761386061544051	0.27377686849633714	0.07761386041937687	0.06760629675189003	0.14187555918815042	0.06760629955206907	0.14187556103218632	0.10288118045149153	0.0900536381082081	0.10288117793850073	0.09005363735562168	0.11268877654547549	0.11289554654372132	0.11268878032224008	0.1128955504846809	0.0897821662251436	0.1026986095565141	0.08978216985433027	0.1026986153075366	0.14286956382577326	0.06632327891273654	0.14286957132171363	0.06632328278748038	0.07422769850067638	0.28337208373105655	0.07422769504556692	0.283372075329629
3.0622102937479498e-34	0.0054193451112906415	7.370953637133628e-30	0.00541934560920938	0.28044052807043635	0.07733792920447434	0.2804405281533863	0.07733792957595659	0.06748084849721643	0.14569100451242953	0.06748085233200164	0.14569100414510636	0.10386776109034206	0.09029223054694524	0.10386776018852065	0.09029223043932669	0.11473349454538054	0.11496881069024367	0.11473349465262604	0.11496881377931101	0.09000043631453261	0.10365635643258321	0.09000044084825583	0.10365636483151965	0.14676936137598542	0.06612396482754539	0.146769369380365	0.0661239711492467	0.07376083996867332	0.2904867978312987	0.07376083549601599	0.2904867882747609
1.3093458728005969e-33	0.005581346707474219	2.382790971954349e-29	0.0055813472513759135	0.28534232304690654	0.0771116309237514	0.2853423236067778	0.07711163094956143	0.0673680199492515	0.14854891117928543	0.06736802254000972	0.14854891160461248	0.10457239725618529	0.0904293169152088	0.10457239571504884	0.09042931519975567	0.11625482870723985	0.11651302471664136	0.11625482984479904	0.1165130327483923	0.09012212736285038	0.10433792402428847	0.09012212903748436	0.10433793063704627	0.14969225648289736	0.06595588325385902	0.1496922621203403	0.06595589065349287	0.07339083076766603	0.2957252778739805	0.07339082895081064	0.2957252726600306
