0.0014738505992681894
0.0020236020322954573
0.00218520654425447
0.0022742493852092593
0.002263229134314315
0.002840917948560673
0.0014487144817394437
0.001553901865008811
0.0016375344102925737
0.001688501217358862
0.0015966962291713571
0.0013887216518924106
0.0012401070071064169
0.001245898372872034
0.0013753820603596978
0.0011072425841121003
0.0011301901649858337
0.001207189190608915
0.0011286736553302035
0.0010803510449477471
0.0011202796158613637
0.0012376940867397934
0.0014659617008874193
0.0017371509748045355
0.001987498253583908
0.002492409839760512
0.003312734072096646
0.004594982252456248
0.007079272763803601
0.012810748536139727
0.028679496608674526
