-80.87329571652754
-87.17822189002717
-94.06942005691826
-101.60716794101745
-109.8587315476801
-118.8994492113522
-128.8141404212074
-139.69876621738308
-151.6626039310063
-164.83098896409547
-179.34885376793204
-195.38530686578744
-213.13963327786706
-232.8492395490457
-254.8002924914056
-279.34215004602544
-306.9072639651954
-338.0390933570317
-373.4320393320469
-413.98988329851187
-460.9135386728516
-515.8368126097358
-581.0438018199741
-659.8315046295959
-757.1447633210119
-880.7559492745957
-1043.62498203005
-1269.0921089633289
-1603.8606145487302
-2156.9454784143704
-3255.467779534094
