1.270273265071113e-26	0.03356346799616541	8.34032489976702e-23	0.0335634589573515	0.028081661014043042	0.026102067543321564	0.02808165659127875	0.026102076083508192	0.026686764775708315	0.026739999281826722	0.02668676640724533	0.026740000919135164	0.026690385333387405	0.02669038958614168	0.026690382988775414	0.026690395106371053	0.02673998962739929	0.02668676910304384	0.026739992277086812	0.026686769543538304	0.026102062587282305	0.028081665586860014	0.026102069524614403	0.02808167564904141	0.033563465972128656	5.760722197238591e-24	0.03356347432026627	5.245649640969801e-28
1.527462528393039e-22	0.03672301698299346	4.092406458296342e-22	0.03672300457032678	0.03023205048488888	0.0279555375559259	0.030232045133674373	0.027955549204896284	0.02869421686776541	0.028752035764794424	0.028694212241029436	0.028752038153129864	0.02868533564707682	0.028685343036434836	0.02868533443711708	0.028685346346400093	0.02875202772440496	0.028694215090046937	0.028752026993233662	0.028694221071773187	0.02795553532479124	0.03023205586240694	0.02795554244570312	0.030232070261261648	0.03672301295118609	2.1134536710207632e-21	0.036723023042980786	4.742059022228481e-26
7.747658510597853e-27	0.04019366223391902	6.800950482015098e-20	0.040193635407750505	0.03250969037025232	0.02989926811600306	0.03250968911029806	0.029899289386956726	0.030830962230751477	0.030891140634716124	0.030830958596666184	0.03089114662296874	0.030801825623848055	0.030801825336010027	0.030801823202446916	0.03080183090744314	0.0308911394071348	0.03083094829502223	0.030891134963800033	0.03083098658573207	0.029899300422696472	0.03250971656425615	0.02989930074781648	0.032509716847802864	0.040193659922078344	5.311868048199048e-23	0.0401936581587595	1.6029438421132124e-28
1.511574127743358e-24	0.04400264659074021	6.876458080057163e-20	0.04400259892379246	0.034911149403933764	0.03192782262113934	0.03491115094545818	0.031927872859595016	0.03310061409615158	0.033159228006422924	0.033100620065243044	0.033159236783236366	0.03304017489877872	0.03304017356243703	0.03304016778497849	0.033040148572197954	0.033159196446389	0.03310057934334054	0.03315919239265816	0.03310062603135566	0.031927865307568234	0.03491119498612102	0.03192786774250227	0.0349111889783919	0.04400263525920422	2.230948116532388e-22	0.0440026370259326	2.2282692235346386e-26
1.2333084505082374e-25	0.048178521737475076	6.168995952213009e-23	0.04817844807604003	0.03743028203948236	0.03403374505933646	0.03743028460582612	0.03403381476703753	0.03550641598285202	0.03555710631012471	0.03550642064196413	0.03555709810180833	0.035399236049336466	0.03539924154641594	0.03539923212962723	0.03539924257817028	0.03555709646244763	0.03550640903431768	0.035557092620739666	0.035506415011511853	0.0340338041790586	0.037430344955010825	0.034033804230428365	0.037430343490162034	0.04817850031470032	4.134938439938294e-23	0.04817849961340243	8.943057987216763e-24
1.5094222735769685e-30	0.052750966664686344	1.0703527779091653e-21	0.05275086071580246	0.040057953657172345	0.03620749771737939	0.04005795857133913	0.03620759399096307	0.03805154689529861	0.03808451784579957	0.038051550307155846	0.03808451478658986	0.03787646071073726	0.03787649727778168	0.03787645197305801	0.037876520832436006	0.03808450433719907	0.038051530940782036	0.03808454563172262	0.038051533028393425	0.03620758433315657	0.04005804645173606	0.03620757213097916	0.04005805016296374	0.05275094271143385	1.0238170521423441e-22	0.052750936339078125	4.788375560493483e-25
1.060775993656792e-24	0.057750494788422986	6.005099792103886e-25	0.05775049827879456	0.04278184708246132	0.03843752536830092	0.04278185028813393	0.03843751673827691	0.0407391407508927	0.040739978404435155	0.04073914288340278	0.04073997737217838	0.040467676687982006	0.04046768188643699	0.04046767037960876	0.0404676861396101	0.040739975408823494	0.04073914466581831	0.04073997261468148	0.04073915484042879	0.03843751743019288	0.04278185297479553	0.03843751200705584	0.04278186342405994	0.05775049177556985	5.532774448929023e-24	0.057750500873332805	8.189515287740744e-25
4.2676963607959987e-23	0.06320823329387955	2.0331042370839193e-21	0.06320823646720825	0.04558577855312945	0.040709820071520145	0.045585780651060524	0.040709820571763644	0.043572570207220676	0.04352063235254727	0.0435725647922328	0.043520639710339724	0.043166919735551916	0.04316692114299395	0.04316690454890234	0.043166924075625966	0.04352063326404651	0.04357257007125652	0.04352061944525352	0.04357258356592604	0.04070981638233593	0.045585789494161075	0.04070980161243507	0.04558578015741288	0.06320823334341542	9.465821421260317e-22	0.06320823817838363	4.17157160462723e-25
2.358718291771609e-32	0.06915529517777537	1.5308207691138147e-22	0.06915530742100805	0.04845021045508884	0.043008637378336705	0.048450215499298	0.04300864406677817	0.04655558220675917	0.04642211348416671	0.04655558797046839	0.0464221213558929	0.045966445237188173	0.04596645608581069	0.045966452893647036	0.0459664630103635	0.046422117551318996	0.04655559021862705	0.04642211091494291	0.04655560040373236	0.04300864486107521	0.0484502099149069	0.043008644314996194	0.04845020959625947	0.06915531965503097	1.210261644607535e-23	0.0691553177919337	4.448778050379111e-25
4.739976657374043e-25	0.07562230767000917	4.1568054239715813e-22	0.07562232169428489	0.05135188383697731	0.04531630169762948	0.051351885732469495	0.04531631189326011	0.049692614315817896	0.049438441974745714	0.04969261386768889	0.04943845418061088	0.048856724253705006	0.04885671155889847	0.04885672418974594	0.048856726586417584	0.049438455645514856	0.04969260928563003	0.049438453074021664	0.04969261398029484	0.04531631422133875	0.05135187385340248	0.04531631271203816	0.051351883306182664	0.07562233622908988	3.800721353927774e-21	0.07562233852866171	9.264418573861495e-26
6.846174195668446e-24	0.082638581611178	2.7855959336378208e-21	0.082638598900489	0.054264051090954446	0.0476134790306306	0.05426404970158569	0.04761348280471199	0.05298898419779649	0.05256182086429117	0.052988977809822035	0.05256182815210823	0.051826406616273656	0.05182638248458141	0.05182639677477998	0.05182638977544153	0.0525618253336095	0.05298897744986731	0.05256183264751073	0.052988999554926496	0.04761349592621495	0.054264051582057195	0.04761348398387303	0.05426405208076254	0.08263858440107584	1.4747551492615246e-20	0.08263860667663431	1.9755552263865416e-25
1.13939871978186e-21	0.09023101339128053	7.620539464418713e-22	0.09023102638510086	0.05715683996666064	0.04987952751923685	0.057156830254770113	0.04987952927483937	0.056451103404846256	0.05578239028888779	0.05645109824157434	0.05578239382149721	0.054862398599008	0.054862400269224246	0.05486241075663585	0.054862398950704626	0.055782390986272745	0.056451102779449695	0.05578240044813946	0.05645110726186903	0.049879538860421006	0.05715683228925653	0.04987952136495108	0.05715683162020587	0.09023101473924451	3.7873966208476652e-22	0.09023103616605453	6.917315506492369e-26
4.2521388779521505e-29	0.09842283642937541	3.329814297616913e-21	0.09842283996187698	0.05999775594580457	0.05209288084042115	0.05999774867100789	0.052092887674870005	0.06008654868126201	0.059088045752264305	0.060086547210693175	0.0590880492727092	0.05795012243064905	0.0579501403242446	0.05795011303829775	0.057950145918696745	0.059088048573377724	0.06008655389190033	0.059088031916497835	0.0600865599245441	0.05209288617800911	0.05999776592735471	0.05209288272453803	0.05999775714703129	0.09842283158027583	4.286892284897349e-23	0.09842283808257646	3.5078184452686895e-25
6.646531776408981e-29	0.10723181122903414	4.819237441827971e-23	0.10723182043662582	0.06275250830464722	0.05423154577028414	0.06275251306286676	0.05423155132847137	0.06390404538301145	0.06246408706801447	0.06390404635220528	0.0624640896972883	0.061073566753431195	0.061073589505994084	0.06107357234539928	0.06107359368049178	0.062464080466430774	0.06390404613911048	0.062464071646552655	0.06390406445537777	0.05423154822312819	0.06275251462916813	0.05423153987573075	0.06275251745496925	0.10723180033582211	5.0353982720863744e-23	0.10723181284629221	2.1450404486294473e-28
1.713701549602894e-27	0.11666809507142474	6.2475588358587615e-22	0.11666809262687634	0.06538594767267464	0.05627363133102128	0.06538595040178291	0.05627363461881628	0.06791312582008266	0.06589290706192356	0.06791313076232496	0.06589290974696466	0.06421571672097888	0.06421571560587115	0.0642157173166285	0.06421572202596276	0.0658929135238636	0.06791312189621988	0.0658929048917065	0.06791313658097549	0.05627363450716579	0.06538594789891981	0.056273633855032174	0.06538595093529616	0.11666809449784374	1.1884913210636644e-25	0.11666809638552159	6.203627446297746e-27
5.730846101649372e-25	0.12673145941779865	2.602542125805187e-22	0.12673146340537744	0.067863298202734	0.058198035494724125	0.06786330001406886	0.05819803175378467	0.0721234924907839	0.06935371852748093	0.07212349507835579	0.0693537115714682	0.06735871862536952	0.0673587157616519	0.06735871684740537	0.06735872348125398	0.06935371670935321	0.07212349764618894	0.06935370844639527	0.07212350894820163	0.05819803770136516	0.06786329781380344	0.05819803334344044	0.06786331265740242	0.12673145918315004	3.5618659404657127e-22	0.1267314646276326	3.655753476540488e-26
4.389088516226989e-31	0.13740809111600039	8.006296844963646e-23	0.13740809562537723	0.07015160932328234	0.05998519765637968	0.07015160867400204	0.05998519282880027	0.07654400991239786	0.07282218092215147	0.07654400896334186	0.0728221778200658	0.070484404204864	0.07048440149016291	0.07048440359900422	0.07048440459817966	0.07282218310566874	0.07654400387966391	0.07282218125968876	0.07654401719707542	0.05998519767245744	0.07015160523758064	0.059985197419830945	0.07015160847327206	0.137408095232529	1.4411724695117265e-21	0.13740810066939127	1.1218359852244861e-25
2.3824789035642293e-28	0.14866679847861478	6.442576478163216e-23	0.14866680967408633	0.07222131726547518	0.061617941733812034	0.072221321417865	0.06161793648655793	0.08118100922978382	0.07627030185867763	0.08118100567798223	0.07627030346409773	0.07357457867826422	0.073574579723468	0.07357457717174586	0.07357458062931845	0.07627030171690834	0.08118100395566571	0.07627030240718295	0.08118101104914349	0.061617947259108984	0.07222132032388322	0.06161794438688588	0.07222131900675799	0.1486668022479582	1.6368863342095746e-20	0.1486668093744975	5.077530249176913e-27
2.147986008512072e-28	0.16045498062471597	2.6041027951577822e-23	0.16045499255654352	0.07404796264009039	0.06308240674485845	0.0740479646512053	0.06308240563667657	0.08603610580151891	0.07966650702191634	0.08603610369445247	0.07966651116591515	0.07661138881034692	0.07661138737476705	0.07661139084975788	0.07661138943751963	0.07966651273719813	0.08603611456562418	0.07966650920625999	0.08603612205243413	0.06308241381935871	0.07404796972550601	0.06308241020434481	0.07404797018530734	0.1604549917341662	3.677056071152584e-23	0.16045499682471662	2.2838066003353497e-27
5.2135182025390014e-30	0.17269455107765705	8.355279724669516e-26	0.17269455361422653	0.07561386206837212	0.06436894571201364	0.0756138632418472	0.06436894386350674	0.09110332392426075	0.08297603044004931	0.09110332589795371	0.08297603350190473	0.07957751037246422	0.07957750532327867	0.07957750827789922	0.07957750944773542	0.08297603357999513	0.0911033207509108	0.08297602877580863	0.09110332571385958	0.06436894717430568	0.07561386259470035	0.06436894293643575	0.0756138612121675	0.17269454737535606	6.873748196445335e-24	0.17269455519112403	7.449204213821422e-28
6.838662625841493e-26	0.18527823487507694	1.6095059787999568e-23	0.18527823576801766	0.07690959175048198	0.06547292964102037	0.0769095930526935	0.06547292739663563	0.09636558208391044	0.08616181339823255	0.09636558225688494	0.08616181401591312	0.0824561801124841	0.08245617754580234	0.08245617900999776	0.08245617747682907	0.08616182245514767	0.09636557381459536	0.08616181378130809	0.09636558191541965	0.06547293303544884	0.07690958769004497	0.06547292647286145	0.07690959001251833	0.18527822784786557	6.026971373354852e-24	0.18527823715410213	3.6768336803046737e-25
1.5270091474675237e-26	0.1980671436211165	2.7577981217831547e-24	0.19806714404294185	0.07793516529592022	0.06639536759690519	0.07793516690538986	0.06639536843092152	0.10179105679748779	0.08918591367509422	0.10179105353299707	0.08918591104664975	0.08523097983000474	0.08523097628399241	0.08523097857350809	0.08523097561837548	0.08918591798386058	0.10179104993954045	0.08918591553827965	0.10179105333956508	0.06639537158158464	0.07793516494447424	0.06639536957816203	0.07793516555552332	0.19806714402544193	1.420084421223488e-24	0.19806714705057982	6.342478095562747e-27
1.173370602091469e-27	0.2108900005412039	1.8037254050012052e-25	0.21089000182252424	0.07870064474376767	0.06714313033514038	0.07870064505766668	0.06714313127391429	0.10732958113887046	0.09201143820171073	0.10732957769381182	0.09201143811821545	0.08788526681078884	0.08788527026849936	0.08788526618507142	0.08788526972852806	0.09201144056602403	0.10732957631028478	0.09201143837899199	0.107329579611647	0.06714313438355982	0.07870064337377695	0.06714313198141823	0.07870064308426733	0.2108899984095253	1.711389623289587e-24	0.2108900043117301	1.1579097146520223e-28
4.115560948365864e-27	0.22354492847457003	1.3154263709436935e-28	0.2235449309654261	0.07922600315431232	0.06772869288688331	0.07922600282361209	0.06772869395862154	0.11290990910110318	0.09460480616391234	0.11290990677714977	0.09460481006967983	0.09040144601751336	0.09040144761195451	0.09040144686158139	0.09040144881102388	0.09460481024455199	0.11290991150550293	0.09460480909115208	0.11290991219277548	0.06772869715714445	0.0792260041292382	0.06772869596070002	0.07922600309697421	0.22354492743607574	2.305852011931867e-25	0.22354493124239033	1.3334505892747768e-31
3.230851064644459e-30	0.23580413886928717	7.894347982618889e-26	0.2358041406419855	0.07954018709442916	0.06816937070732725	0.07954018860432206	0.06816937215512922	0.11843850249468425	0.0969381018917532	0.11843850288793956	0.09693810608257748	0.09276005574937263	0.0927600570475013	0.0927600550839082	0.09276005792222917	0.09693810799669021	0.11843850014460602	0.09693810366788894	0.11843850313017056	0.068169372120152	0.07954018814380062	0.06816937093394038	0.07954018753663196	0.23580413821784912	1.429305014814168e-28	0.2358041383412626	1.108919693342899e-31
4.807358571998295e-32	0.2474215961056037	1.2770148364719204e-27	0.247421598234146	0.07967933166314674	0.06848603175983434	0.07967933181181153	0.06848603350375429	0.12380052005037578	0.09899102871517611	0.12380051904254455	0.09899103087501077	0.0949390090245281	0.09493900631388882	0.0949390068578367	0.09493900786818836	0.09899103486655281	0.12380051955858412	0.09899102920016487	0.1238005239069239	0.06848603556486374	0.07967933215112964	0.06848603536943959	0.07967933181631155	0.2474215991994645	1.398632330087095e-29	0.2474216015171041	1.1228475282706989e-31
1.4145703686354797e-31	0.25814320358068116	6.561366731070612e-28	0.2581432038610249	0.07968429633762861	0.06870147768708831	0.07968429611210495	0.06870148027737574	0.12886354637137615	0.10075203788744744	0.12886354424596205	0.10075203906897368	0.096913220470151	0.09691321472886628	0.09691321653594086	0.09691321897649682	0.10075204360741868	0.12886354601737807	0.10075203661446688	0.12886354546723625	0.06870148258704246	0.07968429665204894	0.06870147857711618	0.0796842959325864	0.25814320024250687	2.485809535740316e-30	0.2581432050587577	8.413321798691082e-32
9.059000472034638e-33	0.2677185198602523	1.7756540983115227e-27	0.2677185204357784	0.07959775810701157	0.06883867765573704	0.07959775987433788	0.06883868166708258	0.13348395540735714	0.10221832931785006	0.13348395526447704	0.1022183315269632	0.09865489389387466	0.09865489022746518	0.09865489000555537	0.09865489477740873	0.1022183327052258	0.13348395770807095	0.10221832598673222	0.13348396045206343	0.0688386851912601	0.07959775354913627	0.06883867370367462	0.07959775248124788	0.2677185182250744	8.455374333520754e-29	0.2677185268116113	1.8025079826972102e-32
1.2695648771485639e-33	0.275912905453217	4.934690110055716e-29	0.2759129064341395	0.07946121495954231	0.06891913129483726	0.07946121640280168	0.06891913537196576	0.13751557518224192	0.1033946076180661	0.13751557597234493	0.10339460836220314	0.10013460644234641	0.10013460721395767	0.10013460408230514	0.10013461119569239	0.10339460904384336	0.13751557516710539	0.10339460677886517	0.13751557624425756	0.06891914371180762	0.0794612107502675	0.06891913091686401	0.07946121005583658	0.27591290653589196	3.7307270528264407e-31	0.2759129123857392	4.951796349623458e-33
1.2766021647356523e-35	0.2825187887044583	1.2055408982929568e-29	0.28251878918855194	0.07931223446241757	0.06896155020397174	0.0793122356777438	0.06896155491531718	0.14081969117558682	0.10429076475064535	0.1408196926471265	0.10429076572892124	0.10132316679815222	0.10132316869479799	0.10132316594313552	0.10132316878227365	0.10429076998682671	0.1408196906606376	0.10429076497901377	0.1408196956744339	0.06896156336128782	0.07931223209877843	0.06896155274683569	0.07931223134616186	0.2825187936099332	1.113793939816524e-30	0.2825187956042201	2.6483310773446363e-33
1.8071843208949368e-33	0.28736522957674004	1.815332045005258e-28	0.28736522949245435	0.07918216564327256	0.0689809702194572	0.07918216753011406	0.06898097450889008	0.1432753092389667	0.10491894334050618	0.1432753109263498	0.10491894326900016	0.10219401909956469	0.1021940160451478	0.10219401722218222	0.10219402068274025	0.10491894999673139	0.14327530804467303	0.10491894499741536	0.14327531246226125	0.06898098336654696	0.07918216787285032	0.0689809728130048	0.07918216368662646	0.2873652305833536	8.352824411301035e-30	0.2873652305603846	5.833707798404637e-31
