1.3586539543973793e-16
1.3420265884989356e-16
1.3313771892199965e-16
1.3018521859612952e-16
1.2803677698897016e-16
1.256919347026366e-16
1.236951609927665e-16
1.2061821346032448e-16
1.1788298601917487e-16
1.1497742700552857e-16
1.125259611946812e-16
1.0880730035558802e-16
1.0556239125697566e-16
1.0218060342894316e-16
9.872989587409368e-17
9.529572544050551e-17
9.165142998301041e-17
8.805961807036705e-17
8.446476796340069e-17
8.089925571597226e-17
7.73830474905894e-17
7.39632775692295e-17
7.06701775742267e-17
6.750192245439946e-17
6.454751526336804e-17
6.182519045718308e-17
5.937244498491633e-17
5.722521011123886e-17
5.54171374786599e-17
5.39776542510164e-17
5.2931106197717685e-17
