1.3600217886872376e-16
1.3410664569395932e-16
1.3224319983718468e-16
1.304759064195899e-16
1.2803824188063612e-16
1.2569008709647717e-16
1.2322533844267422e-16
1.207654185925222e-16
1.1789863246891832e-16
1.1497955413860386e-16
1.120122108686457e-16
1.0883666586151749e-16
1.0554057132907912e-16
1.0219088365452451e-16
9.873323945110518e-17
9.521829186748861e-17
9.165879794163336e-17
8.805862073308131e-17
8.446878887918298e-17
8.089629378843776e-17
7.738828154960729e-17
7.396598382154796e-17
7.066253437588492e-17
6.751766181433154e-17
6.456586912713301e-17
6.184879439589323e-17
5.940165702636902e-17
5.726002575283105e-17
5.545715237658475e-17
5.40220508867018e-17
5.2978795557630214e-17
