-79.7013862460431
-84.91899709129528
-90.49819783367707
-96.46352533519232
-102.84209568765854
-109.66427691054
-116.96469953613345
-124.78315790397792
-133.16636674407775
-142.16964522571595
-151.8592809400302
-162.31551190980534
-173.63632434953243
-185.94242105138736
-199.38375466783313
-214.14830232807785
-230.4740644766607
-248.66592258717367
-269.11968484131296
-292.3573602700293
-319.0801840015907
-350.2506898334709
-387.2240383932862
-431.9667000735305
-487.4385991260787
-558.301800183453
-652.336419788392
-783.5538073710517
-979.977638696824
-1306.9857712697403
-1960.6775177270338
