1.3586184235691226e-16
1.341061352450309e-16
1.324714422472735e-16
1.30633527037433e-16
1.280119174619816e-16
1.2569995474424356e-16
1.232471878196635e-16
1.206744475370898e-16
1.1791996361290961e-16
1.1499622733476557e-16
1.1204863683077006e-16
1.0880552208117372e-16
1.0557163240054459e-16
1.0217493803316856e-16
9.872873424649303e-17
9.520624356350101e-17
9.163739508991486e-17
8.804284390267072e-17
8.444605464468087e-17
8.087405936110835e-17
7.735908364343475e-17
7.393243278068103e-17
7.062758583484006e-17
6.748269755072236e-17
6.453593597004454e-17
6.182511946668972e-17
5.938764369181191e-17
5.725832778872516e-17
5.546933955948154e-17
5.404799682174258e-17
5.301645101463053e-17
