3.085007897093268e-10
2.0681689135853953e-10
3.3404663093260926e-10
3.1194575770953763e-10
2.795456834363841e-10
2.6583794553873434e-10
3.6845583799979334e-10
5.417313425848102e-10
4.5189366970537175e-10
5.189123423821574e-10
6.269387826295175e-10
6.133867051799259e-10
5.373215224467957e-10
4.757154608546656e-10
4.785143265063715e-10
5.329264572854289e-10
3.0712725092217947e-10
1.783671200241527e-10
1.0585056894596484e-10
7.770868846592966e-11
4.7580437516133424e-11
6.461561668833061e-11
1.0270663100353821e-10
3.8132935639540794e-11
1.5794535271746512e-10
1.4168142657374866e-10
1.1996883086230592e-10
5.209499817464505e-11
-1.346612538057364e-15
3.6364497791084617e-16
1.3645431023081953e-11
