4.8788159278883434e-29	0.00010086059143954703	7.222266949413967e-23	0.00010084655850065156	0.03354697981152756	0.028077459266946225	0.03354698210286618	0.02807744174133105	0.026101799717755204	0.026685907368063328	0.026101826967760276	0.026685888467090312	0.02673841612438728	0.026691732929903934	0.02673842612473012	0.026691712094371694	0.02669397577827402	0.026696832110412634	0.026693986735956885	0.02669681051257219	0.026696304654075926	0.026696191205888654	0.026696316228093864	0.02669616956152902	0.02669623252261322	0.026696244707837626	0.026696243683261487	0.0266962235592389	0.02669617899282851	0.026696317860227817	0.026696189425347336	0.02669629535943683	0.026696823489784482	0.026693985103193235	0.026696836463314014	0.026693960952614743	0.026691659629490702	0.0267386228829538	0.026691670901032586	0.02673860138970239	0.026686377812037042	0.02609792581259277	0.02668639694767001	0.026097910541215272	0.02806518206030122	0.03366433181922802	0.028065200593971454	0.0336643233293379
9.782035882026495e-23	0.00012055939569208903	4.96583159286201e-22	0.00012054058947465226	0.03670159465088164	0.030226615619446014	0.03670159969240233	0.03022659076191978	0.027955187537058848	0.028693049683743355	0.02795522981504137	0.028693024328134042	0.02874972212788186	0.02868712453524362	0.028749745118563548	0.028687111748175703	0.028691320854784017	0.028695333075625808	0.028691362416791735	0.028695301352200425	0.028694454459380642	0.028694302225289008	0.028694478027354774	0.028694269159730418	0.02869437579999437	0.028694386986974654	0.028694396487491707	0.02869436570129324	0.028694277951899962	0.028694475719843786	0.028694303116190378	0.028694444547196624	0.028695315724867793	0.028691345137289312	0.028695338222997857	0.02869132285027875	0.028687009798015407	0.02875000571175345	0.028687032207733304	0.028749974827911296	0.028693697478262566	0.02795019359540446	0.028693724773341284	0.027950177498943463	0.030210641067445268	0.03684358075444639	0.030210666565429586	0.036843563965625346
8.899749164701738e-23	0.00014415624475186544	1.940439375249599e-22	0.0001441299575790611	0.040165826185101325	0.032502658073854836	0.04016582756712322	0.03250263440014866	0.029898828909750087	0.030829407431294375	0.029898897468865086	0.030829393679100748	0.03088780158169713	0.03080412625358605	0.030887793240401185	0.030804114494099463	0.03081154037322449	0.030817081516474124	0.03081158738929002	0.030817062840866712	0.030815658201085287	0.03081542088235769	0.030815654713483114	0.030815384705263286	0.030815537880458568	0.03081558587352134	0.03081558103874007	0.030815544025003513	0.030815381782178894	0.030815661599661818	0.03081542198103268	0.03081561960637844	0.030817026759153338	0.030811554945642392	0.030817070832063316	0.030811518704248756	0.03080395338070659	0.030888155110393258	0.030803990531676727	0.030888135565728173	0.030830296104899176	0.029892412129912095	0.03083034827573505	0.029892411020975864	0.03248191463217018	0.04033780426084642	0.03248191030169701	0.040337798873165215
4.660562965647323e-24	0.00017238961535700467	8.47986709208334e-24	0.00017234800049348303	0.043966486011059715	0.03490204202372124	0.043966482425010445	0.03490200331875456	0.03192726290581083	0.03309849849339962	0.03192734832294762	0.03309850157128599	0.0331543516459071	0.033043037377143356	0.03315435460747218	0.0330430518979924	0.03305550918664428	0.03306303089908019	0.03305551234263111	0.03306303308751293	0.03306076507672114	0.03306046505002968	0.03306077114568252	0.03306047531996647	0.03306073288791562	0.03306072797440153	0.03306073763285508	0.03306073400676219	0.03306047349931471	0.0330607577890449	0.03306047800520074	0.0330607636479435	0.03306305158246694	0.03305550496533518	0.03306306127666192	0.033055480300398184	0.03304280979875491	0.03315480348004021	0.033042808800662044	0.03315477774209643	0.03309975390149761	0.03191898488681229	0.033099821140970986	0.03191900120538017	0.034875075264579385	0.04417501090667688	0.03487506894576075	0.044175009986763054
1.2813239453041855e-23	0.00020610822105276565	2.032570224985031e-23	0.00020604621587741155	0.048131597035493454	0.03741849289158835	0.04813158474125614	0.03741843272851437	0.03403304685426892	0.03550363493750603	0.034033171429266824	0.03550363345234254	0.03555001923795518	0.03540265697244879	0.03555000532536054	0.03540266799297686	0.035422910659739966	0.035433065200691984	0.035422913345128815	0.03543306951920468	0.03542945267311519	0.035429102930782407	0.03542944924886182	0.03542911080241018	0.0354295387838069	0.03542952455512009	0.035429534969417836	0.035429531716878036	0.03542911344664406	0.03542944001234717	0.035429107254418286	0.035429444157013955	0.03543310687677512	0.03542289714632676	0.03543310291771251	0.035422903219751806	0.03540234959503771	0.03555066857321417	0.03540234679278002	0.03555067091083896	0.03550546226904426	0.03402238893697214	0.03550546268744855	0.034022393192034726	0.03738345108708769	0.04838458909528087	0.03738345427423219	0.04838458495590501
1.5932249556741817e-23	0.00024629598077684407	2.7212504247304987e-22	0.00024629793567915273	0.05269020053497217	0.04004277715063633	0.05269021061539372	0.04004277637800231	0.03620681273205562	0.038047918875968145	0.036206807030915056	0.03804792044622563	0.03807425125684582	0.03788027125668282	0.038074253282023816	0.037880275979628966	0.037912326285820336	0.03792584424594469	0.03791233038080849	0.03792584843521357	0.03792014635050888	0.03791979581118399	0.03792014415665858	0.03791979919452335	0.03792048312436961	0.03792047567272594	0.0379204863291954	0.03792047584143502	0.03791980331177912	0.03792011735693895	0.03791980183392529	0.03792012461616456	0.037925902342978025	0.03791231297001156	0.03792590238987774	0.03791232614451788	0.03787980233389965	0.03807514173673778	0.037879801144924924	0.03807514631521785	0.03805047900788976	0.03619291824144072	0.03805048285390198	0.03619292030731686	0.03999722875356713	0.0529971983852092	0.03999723648311609	0.052997199809710474
2.3117014459791046e-26	0.0002940754889945159	6.228822538835993e-23	0.00029407551160152994	0.057671917502085994	0.04276208686032293	0.05767191600881895	0.04276208609153396	0.03843663066838851	0.04073456351233578	0.0384366173266082	0.040734564691756375	0.040725233814582824	0.04047141677572392	0.040725225276586285	0.04047142864466539	0.040521092177499884	0.040538776342453356	0.04052109729903097	0.040538780956020766	0.04052987679312455	0.040529658479343554	0.04052987733940245	0.04052966206061916	0.040530733757941764	0.04053074505150014	0.040530739035607964	0.040530736838559685	0.040529655960022413	0.04052986686487026	0.04052965660638172	0.040529873483578	0.04053884616539723	0.04052109785247316	0.04053885458515676	0.04052110372140447	0.04047072278627967	0.0407264193156203	0.04047072633956314	0.04072643236269093	0.040738128530829816	0.03841871453389669	0.04073813245403383	0.03841872193128182	0.04270310024709339	0.05804452062700998	0.04270310884292253	0.0580445190036293
6.641740341053043e-26	0.00035070438641426937	1.816871129153396e-23	0.00035070790835137894	0.0631068161247667	0.04556020214266289	0.06310681231103722	0.045560212521935074	0.040708819706920626	0.04356692291456039	0.04070881408230955	0.04356693245153005	0.043499590483414244	0.04316970624697366	0.043499580854190936	0.04316971411940997	0.043245304853586505	0.04326790694525032	0.04324530849009808	0.04326792647402987	0.0432542504892293	0.043254374271146014	0.04325426125641514	0.04325438509561198	0.0432560632473351	0.04325604842127004	0.04325606872576485	0.04325606322442972	0.043254375896746605	0.0432542109646714	0.043254387479272315	0.043254226206045965	0.04326803905021482	0.04324530965503813	0.04326804360103022	0.04324531917897859	0.04316867176679444	0.043501173301978384	0.04316867287436481	0.04350117440482836	0.043571866310585405	0.0406857353694139	0.04357187567408315	0.040685748500429254	0.045484007737737725	0.0635588720754992	0.04548401001346699	0.06355887815669686
3.4026911283202265e-28	0.00041759485982757456	8.894545780749275e-24	0.0004176014002847624	0.06902479120625607	0.048417159196224226	0.06902479840495873	0.048417158475673155	0.043007574493196414	0.04654889373557741	0.043007566090230105	0.046548893469830856	0.04639231682933504	0.04596669020429897	0.04639231050237049	0.04596669430305053	0.046079817699675535	0.04610802940315606	0.046079814257379996	0.04610801622039652	0.046087268280554414	0.046088199641767795	0.04608726607594812	0.046088209334064704	0.046090740356900556	0.04609076417950748	0.04609074611051162	0.04609076102696665	0.046088202558092525	0.04608722123155724	0.04608819566124399	0.046087223221510466	0.04610818429554268	0.04607986538343121	0.04610819210550894	0.04607987416781415	0.045965143158884274	0.04639440694952933	0.04596514844391679	0.0463944130658961	0.0465557450219231	0.042977876099358645	0.04655576000078698	0.04297788234405819	0.04831898742578051	0.06957287732181679	0.048318989917996005	0.069572871131565
5.482767628144321e-23	0.0004963005968925205	1.5538038933558671e-22	0.0004963069130278472	0.07545497582990034	0.05130918250812948	0.07545498411150064	0.05130918521897039	0.0453152155724632	0.049685098754831576	0.04531521550046089	0.04968509901957847	0.04939665041467243	0.0488517122744145	0.04939664746175894	0.04885171091273633	0.049018439356489495	0.04905247548095846	0.0490184413691692	0.049052472827520156	0.04902140308673955	0.049023947257077864	0.04902140463975246	0.049023946289442684	0.049027717334499406	0.0490277565294495	0.04902771813729704	0.049027759781943805	0.049023909632381416	0.04902132796799141	0.04902392149271997	0.04902132633585404	0.04905272918119512	0.04901857558978858	0.04905273443175683	0.049018583372988395	0.04884942045098786	0.049399376328393904	0.04884942448443583	0.04939937659658031	0.04969461145974384	0.04527705378387296	0.04969461859749299	0.04527705670899184	0.0511831799456256	0.07611869516040339	0.05118318633020614	0.07611870574139856
8.252502160656769e-26	0.0005884978432487309	6.459257508413831e-22	0.0005885012446183026	0.08242494941141792	0.05420895159781373	0.08242496060751613	0.054208965096122476	0.04761243957904569	0.052981258752657114	0.04761243615133901	0.05298125328676796	0.052503774228172394	0.05181176278087545	0.05250377751837543	0.05181176925568904	0.05205405326916028	0.05209334683888445	0.05205406285069882	0.0520933439362171	0.05204744790074018	0.052052956128448895	0.052047458287800635	0.0520529523415975	0.052058417527412484	0.0520584638599396	0.05205842562585932	0.052058464795629984	0.05205292173142979	0.05204732277044804	0.052052930096231825	0.052047321080114624	0.052093737511790916	0.05205433371549718	0.05209374226192361	0.05205433531463166	0.05180845735849624	0.05250729380331213	0.051808458911185955	0.05250729872621015	0.052994407770069495	0.047563442071948056	0.052994427516121254	0.0475634430051084	0.05404791720116515	0.08322738527558242	0.05404791662031535	0.08322737156700352
3.2681313358610913e-22	0.0006959486771840639	2.4613126317872647e-22	0.0006959492709798252	0.08995967383395953	0.05708586875365722	0.08995968292801834	0.05708588127899689	0.049878602017934336	0.0564443960067472	0.049878601643025586	0.056444398675480616	0.05570270496041709	0.054831500607730524	0.05570269924606356	0.05483150873865036	0.05517881236987731	0.05522140074096629	0.055178808809932166	0.05522139904597045	0.05515457045693742	0.05516523209312682	0.05515458264381368	0.055165237544580276	0.05517293057246637	0.055172977052673676	0.05517291945163049	0.05517298542369328	0.0551652160644038	0.0551543519962782	0.05516522079887604	0.055154318581356304	0.0552219799245661	0.055179299899046186	0.05522199720179964	0.055179308581069036	0.05482671030666589	0.05570714683882469	0.054826706344327	0.05570714426820315	0.05646259804214872	0.049815819777231776	0.056462600682891835	0.04981581755107627	0.05688099534966981	0.0909277913554005	0.05688099389817141	0.09092778521478433
1.920281525349175e-22	0.0008204796305505192	1.3738175657877323e-21	0.0008204818971967403	0.09808025848726187	0.05990655121881474	0.09808026311911049	0.059906561889418904	0.052092068601412446	0.06008310246053665	0.05209207438910654	0.0600831012645548	0.05897996771257183	0.05789304423559328	0.05897997978707921	0.057893060166096626	0.05838439438709007	0.05842609764147969	0.058384390605618265	0.05842611081321635	0.05833014439767704	0.058349483563114715	0.058330152736374145	0.058349495304128404	0.05835991373881196	0.05836000032701542	0.05835992762124039	0.058360000813651274	0.05834947278130041	0.05832971452830002	0.05834947688394024	0.058329723085155626	0.05842699690300779	0.05838524556514846	0.05842700987090044	0.058385261416382325	0.05788616589533803	0.058985500670304156	0.057886179912249626	0.058985493108759626	0.06010812591888252	0.052011834200457255	0.060108132027365736	0.05201183483213413	0.0596472726529963	0.09924523883575928	0.05964727243642101	0.09924522987666748
1.0864383833072227e-25	0.0009639280833630724	3.3687414969311434e-25	0.0009639285914046601	0.10680229183632342	0.0626356162202024	0.10680229668749944	0.06263561345085487	0.05423070128601211	0.06390755648282243	0.054230702552472594	0.06390755295446203	0.06231939955834991	0.06097607302935057	0.0623194018771141	0.06097607452854536	0.061662273805126344	0.06169558142837267	0.061662271956987244	0.061695588526878335	0.06155973071467487	0.061593223690917555	0.06155973777949467	0.061593217715234745	0.06160669641919117	0.06160685582808189	0.06160670068396679	0.061606851867240325	0.06159321757487916	0.06155903305158784	0.06159321886218029	0.06155903882428109	0.06169687572523995	0.061663772391116825	0.06169687662742488	0.061663775071921986	0.060966249363928915	0.06232611512392606	0.06096624779688815	0.06232611261930483	0.06394182008187603	0.05412848211075601	0.06394183017800883	0.05412847507607682	0.06230934465594897	0.10819981422349575	0.06230936104211402	0.108199796375057
6.596500270874159e-25	0.0011280382235202722	2.4266712501082204e-23	0.0011280390305005875	0.11613384738413864	0.06523660499147887	0.11613384423131985	0.06523660372697308	0.05627231171059057	0.0679294486602519	0.05627231216031919	0.06792944488040759	0.0657018352821719	0.06405779844787854	0.06570183476099277	0.06405780369357092	0.06500412976155837	0.06501654757640771	0.06500413085213541	0.06501655882058197	0.06482702995453432	0.0648828615644684	0.06482701141542577	0.06488286987916528	0.06489922227510421	0.06489953175905143	0.0648992542884433	0.06489952757110122	0.06488287508731844	0.06482589971399215	0.06488288241730618	0.06482590396813133	0.06501837928154804	0.06500663961624421	0.06501838410615743	0.06500663990615613	0.0640438870567759	0.06570978725689108	0.06404388948578899	0.0657097961410702	0.06797612509279444	0.05614262253580483	0.06797613135355621	0.056142624375539206	0.06482877469992089	0.11780415111155446	0.06482877660767834	0.11780415225892905
7.0793520672237626e-31	0.0013143800136064638	9.198632138326283e-22	0.001314382117225851	0.12607298408968257	0.06767327750222205	0.12607298375622772	0.06767327620014531	0.058195255330710974	0.07216151354313624	0.05819525521579042	0.07216151162368224	0.06910494230124228	0.06711313647496155	0.0691049411579546	0.06711313571698231	0.0684020056719308	0.0683741829642743	0.06840200663772651	0.0683741857619919	0.06811372294494533	0.06820391828114113	0.06811372105232397	0.06820392221912258	0.06822211130205492	0.0682225851854766	0.06822210962578092	0.06822258577968593	0.06820399586837814	0.06811192655664655	0.0682040066371163	0.06811193037039241	0.06837673714232555	0.06840605380337686	0.06837673057781346	0.068406057344673	0.06709368725720602	0.06911402834020236	0.06709369102822244	0.06911403923421593	0.0722247137414952	0.05803153511783369	0.07222472186514621	0.05803153657897764	0.06716699216706194	0.1280608767743	0.06716698941763913	0.12806087118585083
2.108476952492325e-25	0.0015242193109432348	1.0248434527315513e-23	0.0015242238228774386	0.1366048870976956	0.0699110037687943	0.136604892879974	0.06991100557506125	0.059979129197983275	0.0766167617685822	0.059979130186048626	0.07661676367382839	0.07250304241940231	0.07011503842251526	0.07250303980679998	0.07011503833802099	0.07184855527460443	0.0717518993909789	0.0718485523745236	0.07175190093439754	0.07139944001303596	0.07154120972430678	0.07139944445691414	0.0715412132355713	0.07155836823205178	0.07155915155233715	0.0715583750334424	0.07155915761341518	0.07154142081008108	0.07139662683460307	0.07154142583122827	0.07139662711667509	0.0717553937848552	0.07185493779104313	0.07175539726072565	0.07185494474396265	0.07008812438075138	0.07251297107316665	0.07008813259353175	0.07251297574820695	0.07670167848746953	0.05977368880442184	0.07670169212222143	0.059773692323839916	0.06928721845057506	0.13895925022757918	0.06928722134768212	0.13895924425731335
1.0024431583504459e-28	0.0017583536403237615	1.390684496513015e-23	0.0017583606170942297	0.1476985002136992	0.0719184007661038	0.14769850684473174	0.07191840470577522	0.06160546437189262	0.08130699466366172	0.06160546739709497	0.08130699510558807	0.07586707960895317	0.07303483076585462	0.07586707709400578	0.07303483488790692	0.07533707687804272	0.07513109140285956	0.07533707738447895	0.07513109514095746	0.07466164140933104	0.07487895985964826	0.07466164348636728	0.07487896457400504	0.07488945231965416	0.07489071254352593	0.0748894565137977	0.07489071685620996	0.07487942644541311	0.07465729792782455	0.07487943247774435	0.0746573033906331	0.0751358019758066	0.07534690061828692	0.07513580430597902	0.0753469038104688	0.07299804721301711	0.07587723213995572	0.07299806051689876	0.07587723316075827	0.08142010722729545	0.06134951068162522	0.081420116513624	0.061349513940316486	0.07115611297495837	0.1504716232009927	0.07115611008750267	0.1504716171138233
3.705771634838917e-29	0.0020169584228264545	2.2791339623669782e-26	0.0020169661758981153	0.159302999114335	0.07366912304422106	0.1593030021967751	0.07366912705990979	0.06305862127186453	0.08624080363958292	0.06305862352917492	0.08624080257347347	0.07916488743483657	0.07584298472811403	0.07916489089670659	0.07584298280441394	0.07886133039051946	0.07849080840806531	0.07886133629199557	0.07849080949414788	0.07787567198711756	0.07820109754097504	0.07787567653897648	0.07820109853785799	0.07819495977601501	0.07819693287303874	0.07819496590957162	0.07819693364771099	0.07820200801909531	0.07786911247559544	0.07820201341378946	0.07786911907270112	0.07849700798737014	0.07887612129498608	0.07849701146113937	0.0788761212112008	0.0757933743139481	0.07917426327051147	0.07579337770581424	0.07917426470155269	0.08638996816270336	0.06274238664002851	0.08638997089318443	0.06274238515738051	0.07274569296040073	0.16254931360050628	0.07274569009685895	0.16254931040158058
4.341266644963705e-28	0.002299382588009587	3.250054664624717e-24	0.002299383668096275	0.17134409269409395	0.0751436540103235	0.17134409204261236	0.07514365630698779	0.0643266153233824	0.09142066252425529	0.0643266145304777	0.09142066159607262	0.08236170364714776	0.07850990045846849	0.08236170373579664	0.07850990261743296	0.08241495522630102	0.08180736564001138	0.08241495575039332	0.08180736957414385	0.08101485240884604	0.08149125914934995	0.08101485074861536	0.08149126305579513	0.08145240132652447	0.08145541975834789	0.0814524016590632	0.08145542023264406	0.08149289470150334	0.08100513147211143	0.08149289411115432	0.08100513407025381	0.08181534145089318	0.0824367023548046	0.08181534254511039	0.082436703869808	0.0784439473492772	0.08236879965815311	0.07844394845623634	0.08236880265423842	0.09161510287459244	0.06393961666445104	0.09161510821884428	0.0639396171713994	0.07403543827024546	0.17511842015890394	0.07403543314542191	0.17511841672414125
6.1552299425287525e-30	0.0026039097552234595	2.0269686339386842e-24	0.0026039107122672886	0.18372072003583212	0.07633097751514518	0.1837207201891475	0.07633098151941843	0.06540204569212843	0.0968392275287662	0.06540204503512892	0.09683922574769133	0.08542111303167853	0.08100714700164055	0.08542111343529193	0.08100714985881488	0.08599036479239926	0.08505411061328541	0.08599036516786149	0.08505411234400248	0.08405074926877791	0.08473284140774062	0.08405074825689984	0.08473284608540367	0.08463697106534417	0.08464149440834258	0.08463697292709056	0.08464149802446254	0.0847355931620555	0.08403667240904215	0.08473559483734562	0.08403667654681611	0.08506409299857881	0.08602163521865724	0.08506409223049174	0.08602164144745489	0.0809207841647648	0.08542386663134868	0.08092078998365854	0.08542387281661422	0.09708946820568282	0.06493351263872744	0.09708947290584352	0.0649335151814968	0.07501424305388174	0.18807598044668006	0.07501424064732642	0.1880759743597183
8.172534648069187e-26	0.002927629245695214	3.481886341002396e-26	0.0029276296773686032	0.19630253958623192	0.07723000196307256	0.19630253982027962	0.07723000288092015	0.0662828899495284	0.10247500253300618	0.06628289222551507	0.10247499784880999	0.08830643489256076	0.08330877351752998	0.08830643462511972	0.08330877357574124	0.08957712777270337	0.08820128491788985	0.08957713202193249	0.08820128496402985	0.0869537491796877	0.08790868814071917	0.08695375314342216	0.08790868532393885	0.08772142742889334	0.08772802308906488	0.0877214308654785	0.08772802223561099	0.08791310933849622	0.08693381552536096	0.08791311335032603	0.08693381436828257	0.08821345921916596	0.08962102540252552	0.0882134602342841	0.0896210254148223	0.08319754299049198	0.08830220451294417	0.08319754611260866	0.08830220459761791	0.10279250369101889	0.06572233754649387	0.10279250896719554	0.06572234076253104	0.07568207788520012	0.2012868171729092	0.07568207793120932	0.20128681130469908
1.283375662265635e-29	0.0032662321386085795	2.627416920692194e-28	0.0032662335986041527	0.20892870111910597	0.07785044714281322	0.2089287023374743	0.0778504474551744	0.06697314666637261	0.10828750665189935	0.0669731502260863	0.10828750347973065	0.09098256916690502	0.08539282743434744	0.09098256927971456	0.08539282754432993	0.0931596206764144	0.09121628356463903	0.09315962018044587	0.09121628204199578	0.08969381722291388	0.0910004782743899	0.08969381991549838	0.09100047915462708	0.09067611114429101	0.09068546126382088	0.0906761120626903	0.09068546173146974	0.09100727317972662	0.0896662631797393	0.09100727504181033	0.08966626324030644	0.09123070684311556	0.09321973353971327	0.0912307099470154	0.0932197327628538	0.08525208183313845	0.09096818697514454	0.08525208372201322	0.09096818944926117	0.10868411645565354	0.06631109744883641	0.10868411830383023	0.06631109756071729	0.07605120937942117	0.21458188308725887	0.07605120696238662	0.21458188043713303
8.69400770362528e-31	0.0036139273401560377	4.074937419021041e-28	0.0036139279128567627	0.22140859203294405	0.07821311709802134	0.22140859402172802	0.07821311796165265	0.06748314692695463	0.11421271044804099	0.06748315222660681	0.11421270606181075	0.09341815123481609	0.08724290228929531	0.09341815259168779	0.08724290075982104	0.09671418351635866	0.09406431951543537	0.096714185486168	0.09406431929989649	0.09224158725216888	0.09398763868885072	0.09224158804758305	0.09398763722334326	0.09346932726991586	0.09348220850960995	0.09346932994528376	0.09348220823438977	0.09399763873189883	0.09220447772704017	0.09399764101279903	0.09220447727565564	0.09408088895834792	0.09679442975317301	0.09408089140016734	0.09679442827560956	0.08706810513327817	0.09339011824421463	0.08706810631433742	0.09339011872591564	0.11469981709331097	0.06671195135078699	0.11469981700082801	0.06671195241442691	0.07614664369671023	0.22775871401100561	0.0761466408916563	0.2277587111378543
3.301441191765347e-32	0.003963446610006348	1.211248398030665e-30	0.003963446388679237	0.2335249423492337	0.07834932226189122	0.23352494348535366	0.07834932250504548	0.067829487496661	0.12015936384804007	0.06782948935859247	0.12015936211279468	0.09558786106181288	0.08884940560056515	0.09558786189359024	0.08884940441417974	0.10020607671131579	0.09670965951274403	0.10020607837999751	0.09670966207932188	0.09456969878257306	0.0968457948697509	0.09456970062684421	0.09684579467456758	0.09606817254647353	0.0960853881265432	0.09606817520549563	0.09608538785240148	0.09685992286443507	0.09452106531190274	0.09685992454402953	0.09452106336561078	0.09672810883279691	0.10031037391712583	0.0967281115661167	0.10031037242246531	0.08863657032174906	0.09554262048453069	0.08863657075589429	0.09554261943397205	0.1207468322399004	0.06694416377781502	0.12074683432743756	0.066944166104778	0.0760056653750315	0.24058449361223147	0.07600566427148164	0.24058449569925386
2.6903846619222e-32	0.004306163421407198	1.025887157240531e-31	0.004306163278388552	0.2450395799570087	0.07829943054753936	0.2450395810414603	0.07829943089589039	0.06803442386611681	0.12600731914265867	0.06803442554548127	0.126007318291677	0.09747447805736216	0.0902104567581229	0.09747448239813206	0.09021045408415261	0.10358666211064291	0.09911739469981064	0.10358666312839904	0.09911739672383793	0.09665422311730155	0.09954493683741968	0.09665422606305969	0.09954493330137579	0.09843981481034438	0.09846211988385754	0.09843981429408194	0.09846211833963335	0.09956409491416623	0.0965922884210337	0.09956409469898553	0.09659228697412021	0.09913729128190081	0.10371850428565255	0.09913729173104076	0.10371850157040866	0.08995663404986476	0.09740883439044296	0.0899566370667581	0.09740883232964774	0.12670227126134828	0.06703345771900206	0.12670227307349521	0.0670334603867065	0.07567635721425162	0.25280215790057164	0.07567635662832708	0.2528021539360386
8.904271167263911e-33	0.0046324162686045885	2.6582306508829356e-28	0.004632416029734958	0.2557017831959816	0.07811060244850151	0.25570178491713214	0.07811060250382261	0.06812475571942765	0.13160890125313315	0.06812475683121667	0.1316089003556003	0.09907031376019004	0.09133206870219089	0.09907031594340705	0.09133206568775183	0.10679173234234557	0.10125549489785007	0.10679173249261638	0.10125549792211064	0.09847602169905606	0.10204767554517359	0.09847602329616434	0.10204767476901686	0.10055316966674971	0.10058114680148426	0.10055317299683608	0.10058114432693115	0.1020726372517739	0.09839944656206605	0.1020726387868755	0.09839944328745316	0.1012763156076188	0.10695364669903203	0.10127631749788243	0.10695364790608629	0.09103586029707096	0.09898189078570425	0.09103586263978161	0.09898189169081247	0.13241442110915996	0.06701070305509356	0.13241442306853346	0.06701070836785541	0.07521506483059731	0.2641394325161802	0.07521506252349149	0.2641394254350221
2.2641812792902204e-31	0.004931930076072187	1.3141449977661114e-28	0.00493193036142239	0.26525879469535174	0.07783382783812956	0.26525879563868743	0.07783382748842482	0.0681301965345518	0.1367940412976576	0.06813019998522875	0.13679404107577972	0.10037757023431211	0.09222749638062785	0.1003775726568968	0.09222749373500563	0.1097418217153829	0.10309688402608302	0.10974182322929994	0.10309688807646479	0.10002167006160678	0.10430835697382856	0.10002166919408678	0.10430835913468912	0.10238070604164826	0.10241463348002895	0.10238070975909223	0.10241463141353707	0.10433959854168294	0.0999298763892756	0.10433959909308746	0.09992987728646917	0.1031180636114001	0.10993482317972528	0.10311806717178341	0.10993482485121363	0.09188950005160562	0.1002652821910403	0.09188950515494987	0.10026528170623702	0.13770808267596021	0.06691007800723353	0.13770808808751228	0.06691008188695713	0.07468298461138474	0.27432050669429114	0.0746829813349641	0.27432049986474
1.0900008594500558e-33	0.00519440880710919	1.691751535570972e-29	0.0051944079991514255	0.27346779630978063	0.07752051911765984	0.2734677974333636	0.07752051833731818	0.06808136392629734	0.14137968376964205	0.06808136732111184	0.14137968497108586	0.1014073374689277	0.09291561521367642	0.10140733632913469	0.09291561377591465	0.11234542825697483	0.10462090661215706	0.11234543041025977	0.10462091227571349	0.10128377636819144	0.10627375311097725	0.10128377865282188	0.10627375572170862	0.10389994637104989	0.10393970210122193	0.1038999497667697	0.10393970435546264	0.10631129961242876	0.1011771849477687	0.10631130312217747	0.10117718674639836	0.10464196193955919	0.11256852918443014	0.10464196509304326	0.11256853267555698	0.09253875682953612	0.10127177336092953	0.09253876177499595	0.1012717795257714	0.1423942893496953	0.06676673266564066	0.14239429614796636	0.06676674007835619	0.07414211897312728	0.2830793616428222	0.07414211482052128	0.28307935184858607
6.98140037348208e-33	0.00541018078413595	1.4249725978787647e-30	0.005410181299633008	0.28010838858991177	0.07721895783040987	0.28010838842995256	0.0772189581852998	0.06800753465109932	0.14518299866043793	0.06800753743893571	0.1451829987606041	0.10217713280701246	0.09341845004260049	0.10217713298992545	0.09341845012457192	0.11450550699489245	0.10581385664182831	0.11450550858813675	0.10581385895785506	0.10226039541200635	0.10788605206584734	0.10226039792071939	0.10788605795537415	0.10509432084710996	0.10513931519618548	0.1050943238240192	0.10513931629147945	0.10792938547753919	0.1021405786224318	0.10792938613953723	0.1021405832119089	0.10583447174433602	0.11475541114140983	0.10583447257612476	0.11475541358789212	0.09300809199801885	0.10202076605982043	0.09300809510666123	0.10202077134738381	0.146284051684349	0.06661423583323552	0.1462840595677477	0.06661424297415125	0.07365095989519942	0.29017377679715994	0.07365095495723313	0.29017376813927837
1.40070130573071e-30	0.005570874741249168	1.7340744124078176e-29	0.005570875149266531	0.2849945538669009	0.07697087433464854	0.28499455456644845	0.07697087413512364	0.06793439792763271	0.14803723407831182	0.06793440023103292	0.14803723434234145	0.10270724287851506	0.09375808325407578	0.10270724187992954	0.09375808113125313	0.11612897750541426	0.10666827681139758	0.11612897862726819	0.10666828573900425	0.10295354935695207	0.10908835650293644	0.10295355111938141	0.10908835781202376	0.10595303058459522	0.10600219401257324	0.10595303352932675	0.10600219774020725	0.1091363626320756	0.10282323699940944	0.10913636503338647	0.10282324090290396	0.10668834841163657	0.11640008110792145	0.10668835210694409	0.11640008261033744	0.09332186642420578	0.1025343967815698	0.09332186981061825	0.10253440400714675	0.1492048591156935	0.06648199535338797	0.14920486645893385	0.06648200272939127	0.07326024768718344	0.29539887477863813	0.07326024583283383	0.2953988735388541
