-92.25815241686858
-99.43661197259416
-107.28065514614056
-115.85847002956523
-125.24612394854184
-135.52881561758113
-146.80244260216924
-159.1754634677468
-172.7714083700515
-187.7319569942938
-204.22095015824127
-222.4295798104898
-242.58319898209675
-264.95032174327594
-289.8546791409701
-317.6915889237744
-348.95051653312544
-384.246721951125
-424.3665370923368
-470.33362179272615
-523.5084670769213
-585.7423252786297
-659.6237060708677
-748.8895113038336
-859.1449066215617
-999.2007358974207
-1183.7489716779237
-1439.2494203514902
-1818.6472125500418
-2445.5258441440337
-3690.719265103562
