0.03366432455617119	0.02806517106470609	0.0336643014773919	0.028065188703431585	0.026097923023114915	0.026686370078452183	0.026097910924013895	0.026686397017155614	0.026738574836522765	0.02669173204511289	0.02673856171748674	0.026691744626093104	0.026694578791168544	0.026694562590834282	0.02669456133563924	0.02669457890380588	0.0266918150488193	0.026738359696576754	0.026691802290443028	0.02673837443501448	0.026685911371977924	0.026101809745062467	0.026685895171927314	0.02610181946743735	0.028077468334492976	0.03354698745821209	0.028077469342841915	0.03354698746732394	0.00010086064137855647	6.016016529328755e-22	0.00010086209366980885	1.3706848874076885e-31
0.036843568402385965	0.03021062478137276	0.03684353776603597	0.030210650528386535	0.027950196402408218	0.028693695828973572	0.027950175960393554	0.02869373181284121	0.028749927312474843	0.028687091506522357	0.02874990461930198	0.02868711890365562	0.028692299461975768	0.028692282777323466	0.02869228044643408	0.02869230982008894	0.028687219541880242	0.028749628493548087	0.0286872008899569	0.02874965648185498	0.028693052281849683	0.0279552023163528	0.028693032786186734	0.027955222507873724	0.030226624408380576	0.036701607263770836	0.030226626473573905	0.03670160562707475	0.0001205594799539596	2.345268912563468e-22	0.00012056169907166941	1.6208782234414573e-25
0.04033780582455176	0.0324818543192723	0.04033775364785106	0.03248189474823151	0.02989238567927814	0.03083028955216169	0.029892361831775155	0.030830342587572956	0.030888024543396467	0.030804045323049048	0.03088800395510861	0.030804084434429967	0.03081304749094354	0.030813032451806388	0.03081302577288638	0.030813072555790563	0.030804224680116482	0.030887618816583327	0.030804199886716892	0.030887659289238995	0.030829376796396548	0.029898884262429655	0.030829407815897387	0.02989889562257743	0.032502686073197465	0.040165854145047114	0.032502687583724175	0.04016584300222057	0.00014415681236346132	1.2800841217074672e-20	0.0001441595458417201	7.7830145662426055e-25
0.04417501075876223	0.034874983341088565	0.044174924811796815	0.03487502483734196	0.03191895560381019	0.033099790883445106	0.031918973260083625	0.03309983896832417	0.03315461901930293	0.03304291343514139	0.033154642763638706	0.033042913673249165	0.033057835260200126	0.0330578190299714	0.03305779537813514	0.03305785315011472	0.033043085135735964	0.033154052233857326	0.03304304761836765	0.033154110776249905	0.03309849497662752	0.03192733579670148	0.033098513662593476	0.031927358523867286	0.034902081721423055	0.043966530420680695	0.03490208095784293	0.04396652271934822	0.00017239167965314977	1.8643413093640762e-22	0.00017239081155437277	1.334407171792624e-26
0.048384584358793364	0.03738344586763156	0.048384589204468156	0.0373834409385324	0.03402240717530781	0.0355055186592729	0.034022415063005816	0.0355055148882558	0.03555033576487518	0.03540233462759041	0.035550341809287615	0.03540233651475322	0.035426515194128434	0.03542656242564838	0.03542652486596865	0.03542655654949035	0.03540265278522548	0.035549667300528984	0.035402658924895206	0.03554966661982761	0.03550368244734945	0.03403318784896853	0.03550369135990292	0.034033183429638236	0.03741853985578442	0.04813164163287898	0.03741854596203848	0.048131638188438935	0.0002061115845827752	6.260223445232798e-22	0.0002061101049745657	9.510803434131227e-25
0.052997198639966714	0.03999721435417303	0.05299720636686686	0.039997208827211146	0.03619295031854216	0.03805059351351933	0.03619295518733577	0.03805058657713289	0.03807462197204174	0.03787960499327838	0.03807463312313739	0.03787959551905036	0.03791783110189369	0.037917892661238926	0.03791784185569234	0.037917887568306066	0.037880066084566684	0.038073726045322685	0.03788007978929591	0.038073717900966864	0.038048043912280935	0.0362068380615574	0.03804805252376762	0.03620683631159656	0.040042757510305685	0.052690207195252484	0.04004276116700528	0.05269020214541706	0.00024629865542327196	3.5862494545714724e-21	0.0002462970836165624	3.8539478307328233e-25
0.05804452089523612	0.04270306634029279	0.058044524745835185	0.04270306223042854	0.03841876004961792	0.04073833710574648	0.03841875863572736	0.04073833077324969	0.040725634348841466	0.04047011469983013	0.04072563849371091	0.04047012063060202	0.04052938605420036	0.040529467992226634	0.04052939768247066	0.04052947223961314	0.040470808933296035	0.04072442548578816	0.04047082201757747	0.04072443022916845	0.04073479664555733	0.03843666487091402	0.04073480830217303	0.038436658893019136	0.042762053395873134	0.05767191845626565	0.04276205952980109	0.05767192233321655	0.0002940744827606766	7.501093135839546e-22	0.000294070925020465	1.5784453633947425e-24
0.06355888892475685	0.04548393491333337	0.06355889857487855	0.045483934650131834	0.04068579693928412	0.04357227317557723	0.040685800830777184	0.04357226958456487	0.04349999849518657	0.043167301152433425	0.04350001279817534	0.04316729375001461	0.04325763147097957	0.04325771601143059	0.04325765229542009	0.043257716013528145	0.04316832494008133	0.04349838552498445	0.04316834835413441	0.04349839991910658	0.04356733213073618	0.04070884861714426	0.04356736049824464	0.04070885326468623	0.045560146871858824	0.06310684694865004	0.04556014662770238	0.06310682631365631	0.00035070437802631855	1.654264340221316e-20	0.00035070622731671233	7.174035726538326e-25
0.06957288409162736	0.048318879170634585	0.06957290248679993	0.04831887135712138	0.042977928982183895	0.04655649513698319	0.04297792643063346	0.04655648517765825	0.04639271001707029	0.04596243177710661	0.04639272113198152	0.04596241649706395	0.046097888197283034	0.0460980059766107	0.04609789933330936	0.04609800153383483	0.045963910403904844	0.046390617438443006	0.04596393485855476	0.04639060373017566	0.04654961834804703	0.043007603109872804	0.04654964483868654	0.04300760903187903	0.048417028688286845	0.06902482303697796	0.04841704400188317	0.06902483553748837	0.0004175963410029892	3.2509538953889415e-23	0.00041759965618133886	1.8345816137093296e-23
0.07611874409995549	0.05118299926620352	0.07611875830502471	0.051182992678658515	0.04527705901907126	0.049695902098239125	0.045277057595541785	0.049695889994956596	0.0493969978325917	0.04884436858972079	0.049397004908442295	0.04884436301101659	0.04904456919482111	0.04904472576680462	0.04904456956327604	0.04904470580194314	0.04884652989092095	0.04939426962410648	0.04884654107906959	0.04939426249606677	0.0496863845271741	0.04531523714917492	0.0496863912551698	0.04531522319708177	0.05130898451084725	0.07545505999494659	0.05130898692332453	0.07545507265180981	0.0004963054137975056	5.290007329058005e-20	0.0004963043665567854	4.7687478655827686e-23
0.08322751742276321	0.05404758596270295	0.08322753992689112	0.05404759079113692	0.0475633613567537	0.052996611373513955	0.04756336131143429	0.05299661056385925	0.052504092145682475	0.05179949740057204	0.052504102487117094	0.05179950436898903	0.052091243136998984	0.05209141001772167	0.052091253634183696	0.052091402529615055	0.05180265702059414	0.052500565832038854	0.05180266252349808	0.05250055914395714	0.05298345533472698	0.047612362131237825	0.05298345853070884	0.04761235788923832	0.0542086235752677	0.08242512126942468	0.054208629123720764	0.0824251163943924	0.0005884939473473894	6.88377569940827e-20	0.0005884935518101383	1.208963031328553e-24
0.09092810385633972	0.0568804525774507	0.09092811608605131	0.05688046276270643	0.04981552508630198	0.05646621629644439	0.04981552478648288	0.05646621638207269	0.05570304992922042	0.05481148288033962	0.05570305552614467	0.05481148781634262	0.05523097732181522	0.05523107789310204	0.05523097394625516	0.055231078286096795	0.05481603997924758	0.055698573215750315	0.05481603903024989	0.055698573202009695	0.056448071916579884	0.049878302180619546	0.05644807965492029	0.0498782965562047	0.057085343216316	0.08996001530383163	0.0570853389203994	0.08996002046985367	0.0006959448735661174	1.3570286597720579e-21	0.0006959422007278467	1.3152067142295715e-25
0.0992458934704061	0.05964641186617326	0.09924590081792724	0.059646414618148305	0.05201109413367997	0.060114026441579295	0.05201109789114472	0.06011402008329163	0.058980542381363375	0.05786112965806546	0.05898055209886433	0.05786113635428583	0.058456368401909466	0.0584563534720672	0.05845637265034153	0.058456356580177726	0.057867631686433704	0.05897496704869518	0.057867629231920584	0.0589749814573703	0.060089089776932295	0.05209131483543652	0.06008910129629587	0.05209131452595351	0.05990570540476293	0.09808092498745755	0.059905694274488865	0.09808092066658503	0.0008204748614431721	9.70493747972701e-21	0.0008204732422332502	8.129341753307375e-26
0.10820106581072482	0.06230806222747975	0.10820107115423361	0.06230805618823779	0.05412690212448314	0.06395121775753075	0.054126905476866966	0.0639512136548747	0.0623206883274558	0.060926244340474285	0.062320695428947886	0.060926233990541596	0.06175998705155646	0.061759750200103235	0.06175998854597655	0.0617597508709679	0.06093540586730187	0.06231392183442138	0.060935414415923116	0.06231391769411731	0.06391709251185311	0.05422908150810292	0.06391710861612723	0.0542290678314336	0.06263429288963156	0.1068035717456584	0.06263429168760841	0.1068035646940606	0.000963918034734609	1.0492818833192957e-20	0.0009639176079367261	1.1788346081389676e-23
0.11780648357201536	0.06482679236879461	0.11780648218182413	0.06482678888330382	0.05613952083245427	0.06799076256161712	0.05613952506767217	0.06799075498624452	0.0657048103914624	0.06398159895201933	0.06570481594885273	0.06398159691902383	0.06513452631986191	0.06513385105323044	0.0651345367887843	0.06513384848463954	0.06399439000115031	0.0656968279617525	0.06399439086203741	0.06569683637746995	0.06794430347462964	0.05626912797807945	0.06794431669530313	0.05626912237902348	0.06523460827531734	0.1161362009587386	0.0652346112466835	0.11613620920202256	0.0011280247114848047	4.612133027334114e-21	0.0011280234744236468	5.439270545211419e-24
0.12806502406194473	0.06716411517853842	0.1280650291395916	0.06716410953712605	0.05802584489512124	0.07224700563309444	0.05802584770571252	0.07224699869488646	0.06911136673662256	0.06699895671610935	0.06911137608011807	0.0669989558696521	0.06857298558598413	0.06857150047190913	0.06857298956660611	0.06857150225467058	0.0670166330817138	0.06910231415168987	0.06701664464108226	0.06910232622128722	0.07218418340910039	0.058189419272878316	0.07218419589751898	0.05818941708646213	0.0676703889577482	0.12607720600347308	0.06767039534879439	0.1260771976459246	0.0013143645109986396	1.4070928075524838e-20	0.0013143643497832347	8.339427788336634e-29
0.13896642858687488	0.06928319894638812	0.13896643793092917	0.06928319315634347	0.059763772388008646	0.07673490533807023	0.05976377422325249	0.0767349048777935	0.07251589246509836	0.06994731658745379	0.072515890537894	0.06994730933464893	0.07206861545260662	0.0720657607474897	0.07206862104294795	0.07206576144730156	0.06997144055588535	0.07250613471089637	0.069971449968966	0.07250613606494308	0.07665057435011885	0.05996893879154964	0.07665059165999469	0.05996894054912801	0.06990697206596906	0.13661216526055428	0.06990698109563129	0.13661216446048674	0.0015242052699174025	9.006537542710401e-21	0.0015242040026289974	1.1401942647626014e-25
0.15048361191745485	0.07115070193109538	0.15048362824519734	0.07115069827345222	0.06133298517547481	0.08146852925323605	0.06133297923611074	0.08146852668825491	0.07589110988769897	0.07279331165583997	0.07589110784567146	0.07279330919299344	0.07561483943893442	0.07560976415019258	0.0756148480080299	0.07560976655244757	0.07282581718562928	0.07588136794536786	0.07282582089946751	0.0758813728019969	0.08135632680064378	0.06158843967144708	0.0813563420044629	0.061588437025864584	0.07191301518320653	0.14771067084210585	0.07191301427351802	0.14771067615498218	0.0017583531010841973	5.765895549206617e-21	0.0017583532442622214	1.6181273008311578e-26
0.16256864673939306	0.07273876604023961	0.1625686667425599	0.07273876249635783	0.06271588412197932	0.08645889049987877	0.06271587976754274	0.08645888623273111	0.07920731014541041	0.07550209787869283	0.0792073129077449	0.07550209895997816	0.07920474249961346	0.07919620159816185	0.07920474584325246	0.07919620672098898	0.07554525344905436	0.07919878160697448	0.07554525249496506	0.07919878878054096	0.08631114284881296	0.06303125004460391	0.086311147413239	0.06303125138914516	0.07366228187064901	0.15932266691353641	0.07366228183299257	0.15932266958914607	0.0020169926120539917	1.496327421783116e-22	0.0020169899474139796	4.390837424379448e-27
0.17514859614519246	0.07402710324514854	0.17514859915363895	0.07402710533308893	0.06389865572145377	0.09171088631303498	0.06389865319771833	0.09171088589999525	0.0824329600143458	0.0780384900171925	0.08243295879949665	0.07803849146308008	0.08283018694144476	0.08281645459160439	0.08283019098111807	0.08281645457938987	0.07809489847752929	0.08242745358105118	0.0780949064523576	0.08242745633623881	0.09151852685831655	0.06428418021033058	0.09151853223312406	0.06428418091615973	0.07513549653308989	0.17137480183786957	0.07513549592251643	0.1713748059397331	0.0022994701207181647	3.11084988051878e-23	0.002299467268529505	3.796193338771412e-27
0.18812136100140908	0.07500499127709524	0.1881213631380352	0.07500499394626478	0.06487237780672686	0.09721917865570893	0.06487237354560486	0.09721917629177114	0.08553557311208057	0.08036871691571905	0.08553557400109724	0.0803687191942	0.08648051177557388	0.08645926462216265	0.08648051236450727	0.08645927216533329	0.08044124848099958	0.08553562188972222	0.08044125062606043	0.08553562457099252	0.09697195314762921	0.06533851054192871	0.09697195999482175	0.06533851139282348	0.07632208472398115	0.18376702269765094	0.07632208909544239	0.18376701513278726	0.0026041219533917315	1.876305143492596e-23	0.0026041189531741684	4.178362039163301e-30
0.20135258496542682	0.07567301996145472	0.20135258636605183	0.07567302108772035	0.0656341726676034	0.10296339097306631	0.06563417092583847	0.10296339056308276	0.0884829324162027	0.082462594025796	0.08848293309031456	0.08246259565188567	0.09014070302629279	0.09010897010305485	0.09014070027758156	0.0901089696897087	0.08255423120159418	0.08849182692024371	0.08255423044298923	0.08849182906122116	0.10265015905457504	0.06619095241618728	0.1026501618384689	0.06619095155760893	0.07722158552413541	0.19636984239288685	0.07722158639131657	0.19636984328357762	0.002928062390651377	1.313871670359371e-23	0.0029280615324788232	1.9184944218387534e-32
0.21467362145905913	0.07604425799111514	0.2146736237887844	0.07604425927986769	0.06618821609909716	0.10890271584550518	0.06618821501051596	0.10890271624122888	0.09124442982512115	0.08429603002159734	0.09124442968913125	0.08429603247538407	0.09378913248163115	0.09374329899982123	0.09378913050252798	0.09374330120185163	0.08440970746900806	0.09126618436212437	0.08440970338260946	0.09126618721509076	0.10851198813174975	0.06684452205523256	0.10851199045280387	0.06684451915565692	0.07784458140403332	0.20902289047514191	0.07784458174672075	0.20902288951948697	0.0032670264288298416	1.9024717510805394e-23	0.003267025401209087	2.5675884030438337e-31
0.22788171063987192	0.07614468905036222	0.22788171366053	0.07614468986263279	0.0665464077774785	0.11497078368934693	0.06654640781578568	0.11497078223707718	0.09379247396518298	0.08585369869206914	0.09379247372130348	0.08585370106849341	0.09739516019719166	0.09733109265677226	0.09739516210737342	0.09733109550006058	0.08599201603637902	0.09383167744235854	0.08599201422252897	0.09383167914498187	0.11449153151373107	0.0673091787601537	0.11449153528296788	0.06730917729622495	0.0782128892365732	0.22153534234527505	0.078212889473269	0.2215353420941561	0.0036152708803374157	6.181335464448519e-26	0.003615270830115156	4.2923443926066535e-32
0.24074285823268157	0.07601257971996947	0.24074285994164898	0.07601257995642163	0.06672861239032267	0.12107167977064186	0.06672861258231748	0.121071679622098	0.09610376703919854	0.08713129544538867	0.09610376650557911	0.08713129367423028	0.10091691102909434	0.10083025223392214	0.10091691437667702	0.1008302560965168	0.08729626805706624	0.09616521224120647	0.08729626615371716	0.096165212754871	0.1204943699403165	0.06760203150381501	0.12049437075749395	0.06760203148593473	0.07835881190094376	0.23368881587498347	0.07835881474021283	0.23368881526380575	0.003965567472073344	3.149979786846898e-26	0.003965567636472905	3.480286351949032e-33
0.2529978853806886	0.07569673730819573	0.25299788715673877	0.07569673707415434	0.06676214366705002	0.12707837313291911	0.06676214310559042	0.1270783716487355	0.09816015823751716	0.08813698933956036	0.09816015912858285	0.08813698819602998	0.10429985973708095	0.10418647034854864	0.10429986042529842	0.10418647537149	0.08832977505781851	0.0982483555575644	0.0883297788487615	0.0982483551291733	0.12639615304497467	0.06774695551215501	0.1263961537397776	0.06774695586426521	0.07832345954287133	0.24524306245080602	0.07832346336562496	0.24524306229484633	0.004309331328966815	1.2307811401687649e-30	0.004309333159402566	4.0341269473834375e-32
0.26437180617457817	0.07525367989661985	0.2643718074708707	0.0752536804554186	0.06668048454823994	0.13283475869950906	0.06668048421619856	0.1328347560006838	0.0999489996254331	0.08889155100060148	0.09994900110461573	0.08889155101693026	0.10747685854135511	0.10733342400787445	0.1074768597208901	0.10733342899872744	0.0891122160542961	0.10006749602753624	0.0891122193751352	0.10006749896595367	0.13204466433777515	0.06777348280986155	0.1320446683115727	0.06777348407368744	0.07815414244335601	0.25594456205558214	0.07815414331103304	0.2559445649059274	0.0046368890464410974	3.1393981195796535e-29	0.0046368898107233695	3.933933636711972e-33
0.2745859642377935	0.07474390894462836	0.27458596376752314	0.07474391060384605	0.06652121204082975	0.13816203044511174	0.06652121111236559	0.138162027741949	0.10146284567292349	0.08942676734909702	0.10146284621504101	0.08942676522202009	0.11037013404032213	0.11019485626053781	0.11037013927723342	0.11019486347202005	0.08967410014487796	0.10161355110992804	0.08967410361109422	0.1016135559449157	0.13726609366926093	0.06771499766805267	0.13726609957023717	0.06771499813817511	0.07790108328964004	0.26553759719532355	0.0779010867864174	0.2655375972991634	0.004937918635398088	1.8530901664736768e-28	0.00493791878161314	3.008919235566597e-33
0.28337208143439113	0.07422769548402904	0.2833720792470986	0.07422769799769609	0.06632327713018486	0.14286957273575093	0.06632327709951949	0.14286957103883666	0.10269861212627163	0.08978217305044439	0.10269861205838354	0.0897821707983855	0.11289554585471448	0.11268877615141723	0.11289555000431244	0.11268878193022502	0.09005363550516758	0.10288117930759631	0.09005363916887985	0.10288118352348427	0.14187554739877795	0.06760629732710889	0.14187555547529046	0.06760630323897866	0.07761385801241003	0.27377687203730644	0.07761386243905863	0.2737768673156165	0.005202011505806294	2.1279071382193897e-30	0.005202014388178248	2.1908177953007578e-32
0.29048679266752364	0.07376083618651946	0.29048679236855046	0.07376083653221883	0.06612396430008426	0.14676936524538248	0.06612396513669887	0.14676936174294167	0.1036563612396648	0.09000044067257196	0.10365636099734375	0.09000044158377052	0.11496880787481156	0.11473349573158456	0.11496880884337364	0.11473350172324982	0.09029222992590341	0.10386776001440276	0.0902922336383221	0.10386776436889418	0.14569099849176714	0.06748085090028874	0.14569100340171037	0.06748085533740089	0.07733792905196973	0.28044053141983993	0.07733793242385467	0.2804405275614097	0.005419342149959719	7.724197521764694e-31	0.005419345018139262	8.068328494629838e-33
0.29572527768053664	0.0733908252471108	0.29572527686337247	0.07339082487341889	0.06595588326520917	0.14969226283863252	0.06595588324046692	0.14969226010966466	0.10433792611933976	0.0901221305342266	0.10433792665429448	0.09012212950241595	0.11651302553570392	0.11625482608097537	0.1165130269387051	0.11625483566487742	0.09042931782102817	0.10457239911904115	0.09042932050216161	0.10457240112269064	0.14854890175674934	0.06736802312217288	0.1485489082849372	0.06736802468042212	0.07711163199905145	0.28534232288289463	0.07711163656703489	0.2853423203831121	0.005581345240804874	7.240642906394859e-29	0.005581345775042447	2.3397398115643532e-33
