-117.84828064157455
-125.44738966742464
-133.56118411868044
-142.223846751964
-151.47318611040058
-161.35180450637955
-171.90842948811462
-183.1993856648195
-195.2909965602314
-208.2621194835558
-222.20758670259747
-237.2425053955529
-253.5078398164171
-271.1776171664711
-290.46846944700695
-311.65241456315414
-335.0744082401603
-361.17677998054097
-390.5342052500249
-423.90474800118795
-462.30649025850505
-507.13598727442684
-560.3576754674209
-624.8193574601835
-704.8037388677732
-807.0518025424724
-942.8081807423608
-1132.3192061349373
-1416.0760729699962
-1888.5425594512913
-2833.065255079264
