79.11425130083151
82.55094225550218
85.98440571505844
89.38412639980254
92.7157894785813
95.94168958367416
99.02086853435553
101.90959914948905
104.56179820337823
106.92962052430897
108.96404416211854
110.61551023246533
111.83457527761323
112.5725457042382
112.78203447934784
112.41760067686795
111.43626715913038
109.79808123585427
107.46675478970984
104.41034057439
100.60209900059485
96.021582253529
90.65596219046367
84.50168136008709
77.56635846939055
69.87088059166119
61.451508339192735
52.36172576616117
42.67349580777839
32.47754480868867
21.8823393020867
