0.004842184092922253
0.006233160882402444
0.007199019859399414
0.005679613102984149
0.005357935981010087
0.005236250250163721
0.005732659621571656
0.006265077565331012
0.006377209138008766
0.00629070326249348
0.005743104258726817
0.005851182490005158
0.005609085113974288
0.005738606152590364
0.005616324182483368
0.005658857378875837
0.005237557081272826
0.005283523118123412
0.005009552405681461
0.004877283703535795
0.005331499094609171
0.005956092965789139
0.006998755037784576
0.008554755942896008
0.010385685600340366
0.013136540073901415
0.017315116245299578
0.024471735581755638
0.037018381990492344
0.06434239260852337
0.14355416595935822
