0.9663356731778792	0.9382705014469652	0.9663356990489407	0.9382705097573251	0.9122734388561394	0.9191340542640425	0.9122734549233874	0.9191340390691392	0.9204728869651776	0.9198830329319222	0.9204728740210957	0.919883032189311	0.9198750048320012	0.919916524221415	0.9198750032104653	0.9199165315216679	0.9199113494046058	0.9199113504810124	0.9199113503166909	0.9199113582576125	0.9199165231844121	0.9198750056043956	0.9199165243439152	0.919875013344153	0.9198830326897041	0.9204728790411598	0.9198830336003204	0.920472889258679	0.9191340426220818	0.9122734215521158	0.919134021212596	0.9122734299893929	0.9382704958095773	0.9663356681861563	0.9382704674982325	0.9663356782973391
0.9631564303753731	0.9329458044699042	0.9631564614507216	0.932945810173063	0.9051161683504815	0.9131240777985061	0.9051161864931769	0.9131240570816506	0.9146006756322175	0.9138688563345844	0.9146006585295241	0.9138688538229074	0.9138706315763371	0.913924952453334	0.9138706282633042	0.9139249526758751	0.9139166570296126	0.9139166590376933	0.9139166525402278	0.9139166572685111	0.9139249478964517	0.9138706342770913	0.9139249485208125	0.9138706299343604	0.9138688530097011	0.9146006709333582	0.9138688563714074	0.91460067092669	0.913124062448665	0.9051161505540704	0.9131240259775029	0.9051161461869592	0.932945792499925	0.9631564288950456	0.9329457574791578	0.963156434454015
0.9596621918291662	0.927180339046801	0.9596622476797816	0.9271803635281921	0.89743212531634	0.9067676316420101	0.8974321044465059	0.9067675810368122	0.9083821016238312	0.9074769495362573	0.9083820674381584	0.9074769611348051	0.9074949341499126	0.907565616396295	0.9074949620639614	0.9075655996685662	0.9075526072231176	0.9075526038123799	0.9075525812050084	0.9075525935650024	0.9075656076446541	0.9074949637872671	0.9075656014696835	0.9074949700879746	0.9074770183495294	0.9083821156364088	0.9074769643858177	0.9083820755064128	0.9067675901512704	0.8974320318860548	0.9067675336985623	0.8974320333062271	0.927180283659881	0.9596622024547815	0.9271802867937537	0.9596621993845531
0.9558249880200909	0.9209499997370852	0.9558250750180417	0.9209500452209277	0.8892034549241744	0.900070160174047	0.8892034344942421	0.9000701112311725	0.9018173597227153	0.9007017471398605	0.9018172465273777	0.9007017374959129	0.9007449598631807	0.900836194741689	0.9007449450892757	0.9008361711087578	0.9008161682167733	0.9008162086387883	0.9008161914421604	0.9008162265626547	0.9008362740116503	0.9007450977857134	0.9008363201824109	0.9007450816331599	0.9007018987522137	0.9018173549896438	0.9007018185521463	0.901817314248755	0.9000700905389668	0.8892033145336238	0.900070029950463	0.8892033221801059	0.9209499146484755	0.9558249880443959	0.9209499187547069	0.9558249901150316
0.9516154012076955	0.9142320681909528	0.9516155378370834	0.9142321463250929	0.8804158546748553	0.8930420436160039	0.8804158486985456	0.8930419787213687	0.8949098430549877	0.8935404842841609	0.8949097135026082	0.8935404955664275	0.8936215387084401	0.893738481585575	0.8936215461574982	0.8937384776062005	0.8937081355338249	0.8937081365926358	0.8937081375172056	0.8937081415980758	0.8937384704672818	0.89362154166807	0.893738472815477	0.8936215348715463	0.8935404957498695	0.894909741618294	0.8935404869244704	0.8949097373791708	0.8930418766759031	0.8804156890736562	0.8930418791724716	0.8804156883537049	0.9142319661881408	0.9516154184061474	0.9142319662777886	0.9516154180096833
0.9470027810510635	0.9070057226381033	0.9470029772690562	0.9070058315902051	0.8710591862437654	0.8856989353157847	0.871059189091744	0.8856988507114029	0.887666453750215	0.885993177050599	0.8876662630653087	0.8859931915053543	0.8861292906625705	0.8862778794755461	0.8861292852907994	0.886277881099048	0.8862326122760321	0.886232621535013	0.8862326237783156	0.8862326322431053	0.8862778602400225	0.8861292957570965	0.8862778761180783	0.8861292915835971	0.8859931878596984	0.887666291538429	0.885993176551918	0.8876662940227255	0.8856986889420904	0.8710589407866645	0.8856986939908675	0.871058940093948	0.9070055622597638	0.9470027935964538	0.9070055606497228	0.9470027917158171
0.9419554843058475	0.8992523806572981	0.9419554797208466	0.8992523792384651	0.8611277297772076	0.8780615572254188	0.8611277309958086	0.8780615691935955	0.880097176354823	0.8780628721950833	0.8800971831267693	0.8780628814065093	0.8782770826729426	0.8784641158096398	0.8782770902211632	0.8784641051157129	0.8783975928651528	0.8783975959573478	0.8783975824277959	0.8783975833951938	0.8784641067995882	0.8782770996763791	0.8784640967107442	0.8782770881393531	0.8780628731028667	0.8800971941925477	0.8780628648091977	0.8800971783834709	0.878061559640009	0.8611277348808163	0.8780615505009794	0.8611277315023698	0.8992523774126809	0.9419554835667411	0.8992523718048078	0.9419554832027356
0.9364411248294376	0.8909571176349387	0.9364411139384256	0.8909571080133334	0.8506220609871432	0.8701570653323107	0.8506220559836026	0.8701570594465041	0.8722160550534138	0.8697558206243372	0.8722160439752804	0.8697558057035032	0.8700785135687602	0.8703114851257868	0.8700784979543295	0.870311461859726	0.8702150539216168	0.8702150719131709	0.8702150468554946	0.8702150508394844	0.8703114637401552	0.8700785279744748	0.8703114539874133	0.8700784992088998	0.8697558057977985	0.8722160739757971	0.8697557903634018	0.8722160511683863	0.8701570719966466	0.8506220632434228	0.8701570565663834	0.8506220731883872	0.8909571050802776	0.9364411206070096	0.8909571125236947	0.9364411174495653
0.9304271505686627	0.8821081435519671	0.9304271313156413	0.8821081338885446	0.839547848084423	0.8620169719524408	0.8395478340859475	0.8620169723470358	0.8640396855870688	0.8610813928793367	0.8640396746521961	0.8610814044215078	0.8615519977512588	0.8618388804706517	0.861551968382947	0.8618388896396959	0.8617010997844591	0.8617010825180186	0.8617010619561167	0.8617010720803043	0.861838906141693	0.8615519853773717	0.8618388707651493	0.8615519732916104	0.8610814246409992	0.8640397022826057	0.8610813798827305	0.8640396659886882	0.8620169976971153	0.8395478381047353	0.8620169644375429	0.8395478365726684	0.8821081393180352	0.9304271310325669	0.8821081277989433	0.9304271376227428
0.9238813475329478	0.8726981391380946	0.923881331024975	0.8726981257617445	0.8279173608349637	0.8536778813833011	0.8279173551965892	0.8536778757078886	0.8555876888139577	0.8520522519836514	0.8555876895569046	0.852052253397045	0.8527209265398983	0.8530699500302622	0.8527209224972256	0.8530699467844431	0.8528756577428487	0.8528756771097155	0.8528756516839987	0.852875621883837	0.8530699361106314	0.8527209393380564	0.8530699889563028	0.8527208957883161	0.8520522512828207	0.8555876737735468	0.8520522497961694	0.8555876736178578	0.8536778808600176	0.8279173351809866	0.8536778758521181	0.8279173259578468	0.872698113327723	0.923881318007736	0.8726981151661662	0.9238813138553625
0.9167726662486316	0.8627247243598224	0.9167726451221909	0.8627247049607214	0.8157496962283453	0.8451804802063666	0.8157496855161722	0.8451804715526509	0.8468822562845519	0.8426842086978792	0.8468822540107299	0.8426841950040991	0.8436139482112549	0.8440329412614596	0.8436139528660933	0.8440329257988681	0.8437626911935174	0.8437626826413779	0.8437626852874572	0.8437626722596909	0.8440329236941895	0.8436139393923167	0.8440329283955554	0.8436139443178278	0.8426842085302085	0.846882261438519	0.8426842094544503	0.846882268884849	0.8451804850504099	0.8157496895312749	0.8451804804823511	0.8157496796512536	0.8627247096684759	0.9167726470065003	0.8627246982165883	0.9167726521853424
0.9090722821563056	0.8521912586601492	0.9090722726976539	0.8521912396592966	0.803071214402142	0.8365687313253394	0.8030712121535982	0.8365687225926349	0.837947806337325	0.8329963747563187	0.8379478067790528	0.832996369878664	0.8342649351813144	0.8347606846482529	0.8342649377699483	0.834760684970238	0.8343899535418661	0.8343899568539214	0.8343899423468814	0.8343899689691583	0.8347606949066989	0.8342649512906019	0.8347606913322145	0.8342649424030257	0.8329963652792077	0.8379478099162183	0.8329963694444823	0.8379478003571006	0.8365687341536049	0.8030712155388695	0.8365687342669089	0.8030712144228163	0.8521912526123788	0.9090722678614088	0.8521912485514993	0.9090722727350385
0.9007548847471882	0.8411075772673102	0.9007548776227964	0.8411075645947463	0.789915910218425	0.8278886923762412	0.7899159043101379	0.8278886756650357	0.8288105999711276	0.823011208867471	0.8288105926906739	0.8230111917326488	0.8247130035635598	0.8252904792552341	0.8247129990574005	0.8252904575975505	0.8247888372999305	0.824788847327117	0.8247888125443008	0.8247888157600549	0.8252904570121153	0.824713011682684	0.8252904125738416	0.8247130104676625	0.8230111988337238	0.8288106019015317	0.8230111855950787	0.8288105841580823	0.8278886751960554	0.7899159035890461	0.8278886602940941	0.7899159112240071	0.8411075725522437	0.9007548877716629	0.841107577170448	0.900754888119256
0.8918004122684492	0.8294909924100545	0.8918004011176346	0.8294909887965323	0.7763258674494474	0.8191872385045458	0.7763258512358246	0.8191872422717049	0.8194985644027516	0.8127547573674163	0.8194985551411028	0.8127547609641137	0.8150024322945337	0.8156636495926368	0.8150024127881703	0.8156636422548369	0.8149943100021092	0.8149943251562337	0.8149942975654261	0.8149943103878454	0.8156636361235273	0.8150024343064177	0.8156636199325582	0.8150024225707927	0.8127547562542471	0.8194985769539489	0.8127547367179673	0.8194985535624689	0.8191872344987606	0.776325857106082	0.8191872374897445	0.7763258566835602	0.829490988476056	0.8918004061141512	0.8294909879478051	0.8918004097907166
0.8821962142250618	0.8173674499994829	0.8821962169553237	0.8173674558181162	0.762351851516154	0.8105107890017282	0.7623518505944029	0.8105107948708034	0.8100411781371257	0.8022570377736225	0.810041168444529	0.8022570425571677	0.8051825065839449	0.8059255542353135	0.8051825025001701	0.8059255372616612	0.8050449327569401	0.8050449430540124	0.8050449270151802	0.8050449280867267	0.8059255515718762	0.8051825075804243	0.805925544254578	0.8051824951117955	0.8022570410788079	0.8100411837363564	0.8022570140155847	0.810041152761401	0.8105107919805826	0.7623518548793295	0.8105107844349398	0.7623518493021681	0.8173674551619736	0.8821962147672568	0.8173674452752863	0.8821962206174401
0.8719397391782671	0.8047728850464169	0.8719397351385566	0.8047728875036402	0.7480539986794859	0.8019037725088211	0.7480539907340392	0.801903782607041	0.8004695741263795	0.791552564161099	0.8004695693865636	0.7915525739701008	0.7953073350633819	0.7961251104490007	0.7953073265548696	0.7961251066669296	0.7949829005095377	0.7949828937817021	0.7949828934078925	0.7949828828672469	0.7961250984689745	0.7953073273572024	0.7961250905719596	0.7953073128449384	0.791552561195872	0.8004695709332825	0.7915525531643707	0.8004695511131809	0.8019037750414001	0.7480539960172256	0.8019037621886964	0.7480539911777232	0.8047728936737074	0.8719397376283816	0.8047728851665608	0.8719397412949776
0.8610417118758632	0.7917549322857901	0.8610417018312655	0.7917549277925554	0.7335026047970556	0.7934074222727839	0.7335025941646572	0.7934074257289121	0.7908169263411987	0.7806811396349653	0.7908169246249097	0.7806811472050561	0.7854353326686824	0.786314495702876	0.7854353285930236	0.7863144973627327	0.7848543118964695	0.784854304381536	0.784854302958771	0.7848542989761862	0.7863145059103439	0.7854353316644052	0.7863144896592285	0.7854353139188565	0.7806811532084732	0.7908169223367307	0.7806811250219334	0.7908169041489138	0.7934074292443847	0.7335025958100775	0.7934074084611058	0.7335025875547461	0.7917549313879981	0.8610416962232124	0.7917549170000086	0.8610417029958095
0.8495297558613176	0.7783747267944281	0.8495297382534346	0.7783747127291668	0.7187790078294491	0.7850586854691513	0.7187790044110289	0.7850586876878916	0.7811191013577865	0.7696889044275675	0.7811191057181035	0.7696889052036343	0.7756288285543035	0.776548956567777	0.7756288279818253	0.7765489507331138	0.7747096218238206	0.7747096227455921	0.774709613999153	0.7747096033165526	0.7765489632435257	0.775628825832331	0.7765489494068112	0.7756288151733384	0.7696889160562854	0.7811191058049907	0.7696889011719468	0.7811190961726199	0.7850586935368689	0.718779005265539	0.7850586892576498	0.7187790041687896	0.7783747286901486	0.8495297444336085	0.7783747194334784	0.8495297528649622
0.8374525043360432	0.7647091014952724	0.837452483014625	0.7647090841008947	0.703976675767614	0.7768897435613134	0.7039766736267048	0.7768897431543137	0.7714157543198947	0.758629589411918	0.7714157536304266	0.7586295829359968	0.7659532680805909	0.7668863691927931	0.7659532604459829	0.7668863585461031	0.764604063240167	0.7646040612393169	0.7646040586443917	0.7646040516575128	0.7668863638183946	0.7659532661472277	0.7668863640965385	0.7659532570064447	0.7586295822371643	0.7714157435819584	0.7586295786239797	0.7714157373273831	0.7768897305573677	0.7039766623625785	0.7768897299000378	0.7039766547661752	0.764709073398082	0.837452480282304	0.7647090800011871	0.8374524781309202
0.82488357264636	0.7508525647077363	0.8248835690544134	0.7508525589645775	0.6892019947382974	0.7689281107995676	0.689201996410196	0.7689281106209594	0.7617516770939712	0.7475660423718516	0.7617516753445328	0.7475660398694997	0.7564764950309733	0.7573872370864286	0.756476493534862	0.7573872314355625	0.7545985044473477	0.7545985081960206	0.7545984989123531	0.7545984953713185	0.7573872340857762	0.7564764981721165	0.7573872338629126	0.7564764895592444	0.7475660463474402	0.7617516819626806	0.7475660400516487	0.761751675376489	0.7689281126301556	0.6892019992548146	0.7689281126175473	0.689201998655044	0.7508525658906263	0.8248835735476238	0.750852568200759	0.8248835761886202
0.811925553283583	0.7369193453665369	0.8119255512220649	0.7369193406274837	0.6745750772396539	0.7611978560735164	0.6745750798401636	0.7611978553373515	0.7521786906852744	0.7365718238663883	0.7521786910690542	0.7365718231411512	0.7472678301170181	0.748114517565954	0.7472678328362093	0.7481145110423301	0.744760051603819	0.7447600529765614	0.7447600559629182	0.7447600451928159	0.7481145160408266	0.7472678325952048	0.7481145194807477	0.7472678216322152	0.7365718349959386	0.7521786999033659	0.7365718300177333	0.752178688602285	0.7611978581940376	0.6745750798536364	0.7611978604907349	0.6745750765113956	0.7369193510987222	0.8119255532962276	0.7369193471710274	0.8119255610920378
0.7987128275681984	0.7230445412979812	0.7987128265122355	0.7230445393824906	0.6602298699277119	0.7537217355720104	0.6602298690475459	0.7537217356214008	0.7427576011688942	0.7257326936365528	0.7427576042736357	0.7257326976504449	0.738397260399605	0.739133771270533	0.7383972622606787	0.7391337690190926	0.7351628000988469	0.7351627966304016	0.7351627992841979	0.7351627964028761	0.7391337768593124	0.7383972548046575	0.739133777688633	0.7383972539567132	0.7257326993230095	0.7427576002442046	0.7257326961198577	0.7427575951411005	0.7537217398418458	0.6602298677707176	0.7537217380792917	0.6602298659411061	0.7230445442769596	0.7987128250846985	0.7230445401930707	0.7987128287122044
0.7854132778492459	0.7093846124143898	0.7854132754405168	0.7093846089170988	0.6463137246781196	0.7465246487753436	0.6463137234254915	0.7465246466195352	0.7335603798465131	0.7151478626894905	0.7335603795902337	0.7151478649122675	0.7299348100743606	0.7305135292191188	0.7299348100485054	0.7305135256419238	0.7258883590263028	0.7258883608342651	0.7258883585478966	0.7258883580411919	0.7305135292548789	0.729934808614562	0.7305135308372838	0.7299348069195021	0.7151478633746614	0.7335603761598093	0.7151478620011417	0.7335603755057363	0.7465246484394035	0.6463137208560586	0.7465246476816556	0.6463137205884407	0.7093846128715062	0.7854132740026973	0.7093846115747391	0.7854132773107952
0.7722278404896024	0.6961163671603109	0.772227837234412	0.6961163629817453	0.6329859415644781	0.7396379057476236	0.6329859405271456	0.7396379049533446	0.7246720812526867	0.7049305727800711	0.7246720789949547	0.7049305729012212	0.7219502665743248	0.7223257850591879	0.7219502637891135	0.7223257817184967	0.7170260227218526	0.71702602240147	0.7170260188574599	0.7170260191720699	0.7223257814351203	0.7219502602681788	0.7223257808130908	0.7219502595322127	0.7049305657707097	0.7246720716832437	0.7049305636831672	0.7246720693015747	0.7396378945752927	0.6329859356065856	0.7396378952935712	0.6329859334200331	0.6961163626346007	0.7722278358792434	0.6961163619131883	0.7722278386795411
0.7593876114827427	0.6834343676013549	0.7593876098479259	0.6834343656315001	0.6204151940863765	0.7331039877042276	0.6204151912134446	0.7331039862581407	0.7161921691852517	0.6952077825009841	0.7161921669148474	0.6952077796301084	0.7145133261647141	0.7146466846322446	0.714513323208752	0.7146466807592348	0.7086724527935463	0.7086724536064902	0.7086724538173974	0.7086724504394095	0.7146466804487495	0.7145133242877293	0.714646680487623	0.714513324883681	0.6952077799816414	0.7161921673721555	0.6952077803420993	0.7161921664978179	0.7331039831351919	0.620415191607434	0.733103982297826	0.6204151886031457	0.6834343657940429	0.7593876157567584	0.6834343701868927	0.7593876126750275
0.7471481797142083	0.6715465026513777	0.7471481780496038	0.6715465006804066	0.6087757956138418	0.7269809016844737	0.6087757945859198	0.726980902872328	0.7082348315711922	0.6861186234032667	0.708234830143088	0.6861186212823566	0.7076942540356245	0.70755715565291	0.7076942507944213	0.7075571495313852	0.7009308084237319	0.7009308073068844	0.7009308083658573	0.7009308009489497	0.707557154235483	0.7076942488588148	0.7075571524734868	0.7076942485330522	0.6861186218252107	0.7082348265378621	0.6861186195434725	0.7082348252148069	0.7269808972159942	0.608775789129238	0.7269808944215723	0.6087757863863825	0.6715465023777295	0.7471481754006829	0.6715464970081833	0.7471481804918664
0.7357811154180514	0.660667710645588	0.7357811136990821	0.6606677090775815	0.5982428440483015	0.7213449644130123	0.5982428414806998	0.7213449633108835	0.7009276420283663	0.6778113211651766	0.7009276411059722	0.6778113200694033	0.7015646559437847	0.701143112181044	0.7015646525875103	0.7011431088173876	0.6939090543028166	0.6939090579133496	0.6939090572966075	0.6939090496094443	0.7011431083343154	0.7015646537090519	0.7011431082354811	0.7015646528902243	0.6778113239639083	0.7009276430453003	0.6778113204422844	0.7009276367455538	0.7213449583590599	0.5982428417518594	0.7213449605203736	0.5982428368966554	0.6606677122014178	0.7357811150868814	0.6606677094393979	0.7357811196975664
0.7255630211116326	0.6510121947801917	0.7255630207061048	0.6510121934058237	0.58898650577274	0.7162908864397375	0.5889865043521196	0.7162908857353765	0.6944081985795629	0.6704385122037999	0.6944081958192716	0.6704385106005735	0.6961979086996153	0.6954947279902318	0.6961979049905915	0.6954947148620869	0.6877173928259994	0.6877174014244296	0.6877173974338916	0.687717388109566	0.6954947211333076	0.696197915162949	0.695494723108101	0.6961979063554953	0.6704385240564403	0.6944082024913572	0.670438517887473	0.6944081953097297	0.7162908875518514	0.5889865042730702	0.7162908878645976	0.5889865049317775	0.6510121975843663	0.7255630214108222	0.6510121953931642	0.725563026516587
0.716762615945982	0.642784464789357	0.7167626178114387	0.6427844648150012	0.5811657714642899	0.7119281155166695	0.5811657691558023	0.7119281137522696	0.6888183303919785	0.6641509090084106	0.6888183277533049	0.6641509075356006	0.6916684691326335	0.6907041996058386	0.6916684696487053	0.6907041871769002	0.6824645627713292	0.6824645688787391	0.6824645661646527	0.6824645529948087	0.6907041953670756	0.6916684708761532	0.6907041928708239	0.6916684652319931	0.6641509192961451	0.6888183319906339	0.66415091161922	0.6888183186318187	0.7119281110718791	0.5811657665851182	0.7119281101039958	0.5811657641862348	0.6427844672293094	0.7167626114456908	0.6427844611383804	0.7167626198142241
0.7096266648723313	0.6361697437281277	0.7096266651113101	0.6361697436278937	0.5749220154536294	0.7083729466584436	0.5749220132179295	0.7083729451906888	0.6842958588917516	0.6590895179974811	0.6842958558764166	0.6590895166214864	0.6880493968535111	0.6868616385762877	0.6880493993982411	0.6868616329731276	0.6782529112436908	0.6782529115835978	0.6782529104275961	0.6782528974454497	0.6868616334319071	0.6880494004056111	0.6868616315802776	0.6880493915072582	0.6590895254023845	0.6842958618598479	0.6590895188329481	0.6842958458319143	0.7083729406506001	0.5749220111960182	0.7083729380504857	0.5749220096301022	0.6361697450954831	0.7096266598279731	0.6361697420687639	0.7096266677286504
0.7043657951972132	0.631324459183029	0.7043657960377726	0.6313244607315304	0.5703728532284559	0.7057369941179137	0.5703728510419505	0.705736992788536	0.680964476984597	0.6553769632188845	0.6809644747822237	0.655376963720048	0.6854077638304831	0.684048900189557	0.6854077625436996	0.6840488947861605	0.6751723005487646	0.6751723021020176	0.6751722977326919	0.6751722879129012	0.6840488941308894	0.6854077657302933	0.684048889399559	0.6854077544913189	0.6553769710364608	0.680964479297092	0.6553769648959843	0.6809644651314988	0.705736988328235	0.5703728498612782	0.7057369832417879	0.5703728434377673	0.6313244576145796	0.7043657956887188	0.6313244584128725	0.7043657960310898
