2.7485553628331107
2.969113586505343
3.2055528806633697
3.4584120863446257
3.7281428397126763
4.015094265235581
4.319509906113915
4.641497563442247
4.981044952221449
5.338000244587837
5.712067682430114
6.1028017451282235
6.509595066786992
6.931663686147693
7.368021393838839
7.81744049412383
8.278393825281205
8.748985437183428
9.226856721342232
9.709084778993637
10.192078791755927
10.671495570384533
11.14219568994988
11.598264563005444
12.033117020885955
12.43968985102236
12.81071356893952
13.139034313728677
13.41795141141038
13.641535455390045
13.804900051254897
