32.982664353997315
34.5159454431246
36.06246990746287
37.61023143899777
39.145499816983055
40.65282943551029
42.11522158461068
43.51403965727107
44.829404569992995
46.040252109570154
47.12455838004846
48.05956374288476
48.82196300090247
49.38810376380232
49.734144408412135
49.836183150039396
49.67036295168725
49.21304308415679
48.44099778704672
47.33178829759401
45.86435456290172
44.01991922783622
41.78323383731206
39.144142900143365
36.09935106265785
32.6541858589337
28.82410553011392
24.63568933824127
20.126927117115564
15.346727387313797
10.353675038441176
