1.2850691827565232e-16
1.274283094214671e-16
1.2627547384561764e-16
1.250242195488852e-16
1.2365557845889278e-16
1.222095067798975e-16
1.2105306878487269e-16
1.192578737607337e-16
1.172771956803741e-16
1.1552080188420406e-16
1.1345703729407283e-16
1.1138921614626653e-16
1.0923606359210242e-16
1.0699395876595866e-16
1.0471407541050848e-16
1.0230032894548648e-16
9.980268230075756e-17
9.728504018317543e-17
9.47279918910236e-17
9.21572403835013e-17
8.958879844667492e-17
8.704876844419793e-17
8.456404140628058e-17
8.21653112308695e-17
7.988565074360816e-17
7.77599316771875e-17
7.582382279713531e-17
7.41125377638149e-17
7.265943992605097e-17
7.149456651205071e-17
7.064315610628028e-17
