48.35984144952413
50.52755766361846
52.70299725945689
54.86797584425983
57.00185543921193
59.08173318680276
61.08258544862406
62.977306126663976
64.73718234058231
66.33207650414488
67.73079803416154
68.90143874200614
69.81175083730027
70.42948356440053
70.72271652056584
70.66015797663232
70.21147668823366
69.34760784384737
68.04117933896366
66.26701480362266
64.00284364480954
61.23026667774411
57.935981539612726
54.113305797696
49.76388536067356
44.899452319769146
39.5434054793843
33.73196311211524
27.514656366837777
20.953993778288535
14.124233154900073
