4.029986787460345
4.346456573214494
4.684710867507279
5.045331112115846
5.428748137067796
5.835232907338541
6.264880558833247
6.717579320177494
7.193020260064696
7.690675536712447
8.209793701110481
8.749389046603964
9.30823344497336
9.884839798512354
10.477439484528269
11.083946349275662
11.701912781372265
12.328463616684003
12.960224635993079
13.593233805871321
14.222854143291013
14.843701012786443
15.449595077230054
16.033572088206245
16.587961786891192
17.10455326467396
17.57484687972635
17.99038032646146
18.343104244558514
18.62577224736759
18.832310873200086
