9.531689805152991e-11
9.641766277353674e-11
1.0035162503511469e-10
1.0073012485025103e-10
9.515571806466817e-11
7.841308491034325e-11
1.2880937065441081e-10
1.4851731677895223e-10
2.3155316199329414e-10
1.5391230689274384e-10
1.665437798162532e-10
1.2368789638604172e-10
7.30390540375763e-11
1.111430176261537e-10
1.212634875928156e-10
7.454017818529794e-11
1.0420321574585998e-10
7.910832295740589e-11
5.7731763920838506e-11
6.086805997256443e-12
4.15204433384475e-12
7.175559525668708e-13
1.2984775114223665e-12
2.4486751348013685e-12
8.088406433705567e-11
7.639888958062548e-12
6.201715038770904e-12
1.2046848508066365e-10
-4.653958929500641e-16
1.5254190522651212e-10
1.6462728177888071e-10
