0.0009672323496943136
0.0013274713962800888
0.001303856822914895
0.0014593367739053065
0.0017174860618069943
0.002160898642614484
0.0006793758407184214
0.0006887068338983227
0.0009827971098275157
0.0008607740219304105
0.0007783987593938946
0.0005502898638951592
0.0004895269321423257
0.00044529661136039067
0.0005216279623709852
0.000532128175109392
0.00047811657714191824
0.0004645188419090118
0.00045788615170749836
0.0005022333862143569
0.00042836427746806294
0.000449546285381075
0.00053263024892658
0.0006378781254170462
0.0008027216390473768
0.001030154584441334
0.0011478866799734533
0.0017361122881993651
0.002533376798965037
0.0044960284139961
0.010008623357862234
