1.3586730376240675e-16
1.3410910387619675e-16
1.3221162595074678e-16
1.3034736875865503e-16
1.2802851886483535e-16
1.2570906446589043e-16
1.2325008236679442e-16
1.2073315959903437e-16
1.1811504102548978e-16
1.1497491039698767e-16
1.1195284869150774e-16
1.0880290351864071e-16
1.0554197707112734e-16
1.0217763005270632e-16
9.873753993995652e-17
9.521393096465374e-17
9.165752297244973e-17
8.805541267590994e-17
8.446399195968168e-17
8.089301403704289e-17
7.738569470889455e-17
7.395529475263456e-17
7.06482239394868e-17
6.749995199308696e-17
6.454363667295407e-17
6.18197222057661e-17
5.936600927375692e-17
5.721796564393077e-17
5.5409302915422663e-17
5.396946638628449e-17
5.29227539024149e-17
