0.0037471719188033603
0.004860989722146769
0.005408438300946727
0.004739777470604167
0.004239781670548837
0.005462566365167731
0.004189303734165151
0.00447085633277311
0.004608548380929278
0.004629753915651236
0.004206737401545979
0.004148060303123202
0.004205494886264205
0.0041244456806452945
0.004088921719812788
0.003983551578130573
0.00400196056580171
0.00393663629074581
0.003709354845341295
0.0036583410401362926
0.00402581732487306
0.0044046874972991645
0.005182319844607264
0.0062115517212077975
0.007597745978273451
0.009524188586510718
0.012698871083557606
0.017873015254735947
0.026574183255434036
0.04686324577778578
0.10505811497569084
