-155.99519767773137
-165.97586069719944
-176.62435854890774
-187.98451204698324
-200.10494197142845
-213.0404976784547
-226.85415559143476
-241.61889512403576
-257.420864169829
-274.362759085405
-292.56831603717075
-312.1879967695709
-333.4063323150475
-356.45138564136306
-381.60729462042167
-409.23108918261715
-439.7756926194364
-473.8220315508259
-512.1248235368037
-555.679420186248
-605.8220799614289
-664.3848529953673
-733.943270239992
-818.2289470885954
-922.8511411394103
-1056.636008303476
-1234.303908341471
-1482.3577801457577
-1853.8018434447645
-2472.2950780491233
-3708.762642182449
