0.9663420746648499	0.9382318869960594	0.9663420985520309	0.9382318921320237	0.9122452248057469	0.9196937066491712	0.912245239508895	0.9196936977748228	0.9196937040774923	0.9122452018661272	0.9196936701557359	0.9122452096382688	0.9382318774438319	0.9663420684598127	0.9382318514822716	0.9663420777638709
0.9631668686201574	0.9328969368946585	0.9631669016100288	0.9328969447389085	0.9050690622668879	0.9138057997009706	0.9050690788921388	0.9138057830683761	0.9138057912977452	0.9050690310735111	0.9138057451061857	0.9050690357974903	0.932896926366544	0.963166862915964	0.9328968901793133	0.9631668756428978
0.9596788765448303	0.9271192981392683	0.9596789348388524	0.9271193242910271	0.8973583649443003	0.9075945132875392	0.897358340611249	0.9075944642633597	0.9075944806415914	0.8973582588028373	0.907594410054613	0.8973582733142843	0.927119243959199	0.9596788841323629	0.9271192479907232	0.959678886880047
0.9558512092019675	0.9208749512873711	0.9558512889940529	0.9208749894953393	0.8890929095553487	0.9010683895813975	0.8890928888975596	0.9010683410457935	0.9010683470529491	0.8890927656779698	0.9010682607849013	0.8890927740045167	0.9208748538679138	0.9558512019434764	0.9208748619024154	0.9558512013309405
0.9516559472011464	0.9141415300261453	0.9516560843417087	0.9141416079455158	0.8802555568778914	0.8942409167969787	0.880255548898015	0.8942408476910355	0.8942408519448682	0.8802553673700424	0.8942407291242253	0.8802553804410669	0.9141414168495163	0.9516559597244302	0.9141414282375528	0.9516559598121235
0.9470646354376184	0.9068991064757225	0.9470648365486654	0.9068992173015532	0.8708328830119374	0.8871307660882959	0.8708328988714725	0.8871306781103219	0.8871306708404186	0.8708326286332434	0.8871305041402158	0.8708326397190757	0.9068989437192673	0.9470646639447083	0.9068989608743201	0.9470646558192348
0.9420486090729789	0.8991306368532296	0.9420486060110799	0.8991306323830968	0.860815487919948	0.8797615268418459	0.8608154855311299	0.8797615286932017	0.8797615264199826	0.8608154877814476	0.8797615294832203	0.8608154820759432	0.8991306256796856	0.9420486091018521	0.8991306319751878	0.9420486000857031
0.9365795503623394	0.8908237287456519	0.9365795508065308	0.8908237249840398	0.8501999434617236	0.872162830652095	0.8501999422013677	0.8721628221563812	0.8721628220087918	0.8501999392201629	0.8721628287099035	0.8501999367663459	0.8908237122227551	0.9365795443049315	0.8908237157391514	0.9365795457238829
0.9306303889190405	0.8819704376354519	0.9306303753558501	0.8819704253009417	0.8389878477140192	0.8643683131983492	0.8389878398472482	0.8643683049447205	0.8643683106506842	0.838987844231075	0.8643683134846722	0.8389878483762366	0.8819704235638621	0.9306303737241998	0.8819704266902777	0.9306303759890839
0.924176103326707	0.8725689336617353	0.9241760849545886	0.8725689168636114	0.8271875358061543	0.8564160993015694	0.8271875234039465	0.8564160916775023	0.8564160990699196	0.8271875198221037	0.8564160973528231	0.8271875232032322	0.8725689094507345	0.9241760703841849	0.8725689059090221	0.9241760756598992
0.9171949405552101	0.8626244728772021	0.9171949241373147	0.8626244541899717	0.8148147596544112	0.8483480283119946	0.8148147476757633	0.8483480178944026	0.8483480215633952	0.814814752001111	0.8483480217097176	0.8148147609260189	0.8626244673770677	0.9171949293256108	0.8626244592905629	0.9171949415353527
0.9096698899402453	0.8521504943906593	0.9096698826060082	0.8521504853088402	0.8018934983262481	0.8402086771710016	0.8018934865768123	0.8402086699931561	0.8402086733616213	0.8018934883267276	0.8402086751071507	0.8018935146421821	0.8521505091752005	0.909669886951719	0.8521504918937977	0.9096699092069949
0.9015902863375583	0.8411697995881108	0.9015902811792611	0.8411697920067533	0.7884569219717881	0.8320445711156319	0.7884569131318738	0.8320445666464471	0.8320445750460066	0.7884569201055397	0.8320445652745125	0.788456950118387	0.8411698239870375	0.9015902855016608	0.8411697974245568	0.9015903144769427
0.8929537859616123	0.8297156674226848	0.8929537790991896	0.8297156586930465	0.7745483937510462	0.8239030497631428	0.7745483836301899	0.8239030461074803	0.8239030484790177	0.774548390310983	0.8239030473221842	0.7745483914997181	0.829715664458911	0.8929537826255723	0.8297156639981594	0.8929537849985925
0.8837685819791977	0.8178330324365116	0.8837685788222521	0.8178330324005261	0.760222626277198	0.8158313901250321	0.7602226178849549	0.8158313874513079	0.8158313925865713	0.7602226248200137	0.8158313869436188	0.7602226328735137	0.8178330400779452	0.8837685837230723	0.8178330326385775	0.8837685889436617
0.874055853316839	0.8055795473760284	0.8740558473398921	0.8055795439164463	0.7455468025455779	0.8078757938440833	0.7455467915746316	0.8078757932582017	0.8078757965862745	0.7455467943021733	0.8078757938539832	0.7455467988132796	0.8055795446631636	0.8740558459991226	0.8055795430367362	0.8740558472543302
0.8638521897568494	0.7930264280749557	0.8638521860230739	0.7930264258085353	0.7306016603335741	0.8000806227754472	0.7306016529681061	0.8000806209561221	0.8000806261355307	0.7306016537991613	0.8000806253284616	0.7306016574102637	0.7930264282879617	0.8638521841403504	0.7930264279769184	0.8638521873804675
0.8532120382869286	0.7802590714167376	0.8532120295795531	0.7802590634702042	0.7154823968431943	0.7924877223031521	0.715482390652862	0.7924877205617378	0.792487723259234	0.7154823908523484	0.7924877250003031	0.7154823927761349	0.7802590681067256	0.8532120281234967	0.7802590656741466	0.8532120348729013
0.8422096300675634	0.7673771356959301	0.8422096184248236	0.7673771267196047	0.7002991249493422	0.7851360616849048	0.7002991227868633	0.7851360608694238	0.7851360588917414	0.7002991221818659	0.7851360645039056	0.7002991235578371	0.7673771263014275	0.8422096152116131	0.767377125728722	0.8422096211735217
0.8309403504477889	0.7544941108773684	0.830940337851874	0.7544941017971982	0.6851768301415554	0.7780616613248399	0.6851768247365131	0.7780616612231079	0.7780616571140565	0.6851768251496938	0.7780616609873594	0.6851768268139649	0.7544941059867399	0.8309403406957763	0.75449410498676	0.8309403474349901
0.8195211121733835	0.7417361824740832	0.8195211118346262	0.7417361825649722	0.6702544891046551	0.7712979016954931	0.670254484810528	0.7712978999975593	0.7712979014777588	0.6702544845032	0.7712979011912858	0.6702544864217438	0.741736191559036	0.8195211119562493	0.7417361876268014	0.819521120525951
0.8080894859583606	0.7292403513214201	0.808089486757823	0.7292403500799365	0.6556833732464541	0.7648762574350932	0.6556833731360389	0.764876255596292	0.7648762568944834	0.6556833708418226	0.7648762575342263	0.655683372579734	0.7292403532817714	0.8080894858714867	0.7292403536727474	0.8080894886774165
0.7968013972145893	0.717151723666979	0.7968013974469581	0.7171517226678127	0.6416243233606549	0.7588272785660534	0.6416243231672805	0.7588272774207947	0.7588272769869173	0.641624321605906	0.7588272779745284	0.6416243207963893	0.7171517230434707	0.7968013966498306	0.7171517242235893	0.7968013976117089
0.7858275358471261	0.705620333521031	0.7858275353300378	0.7056203314659499	0.6282442163362733	0.7531818703423844	0.6282442160575991	0.7531818705448619	0.753181869381834	0.6282442147426038	0.7531818708638771	0.6282442150971365	0.7056203333730322	0.785827533257019	0.7056203329528925	0.7858275368118349
0.7753484811519488	0.6947974439414918	0.7753484798041277	0.694797442062917	0.615711768647468	0.747972559320875	0.6157117702516642	0.7479725597233646	0.7479725583784793	0.6157117675497292	0.7479725579855819	0.6157117676893498	0.6947974419055328	0.7753484780358882	0.6947974419778755	0.7753484791656194
0.7655489691816766	0.6848316978415977	0.7655489668390167	0.6848316966153806	0.6041929706100265	0.7432344887560373	0.6041929696685988	0.7432344898879313	0.7432344873186403	0.6041929678357593	0.7432344870728957	0.6041929682899885	0.6848316966114872	0.765548963902913	0.6848316939731718	0.76554896796027
0.7566116317410028	0.6758652621658441	0.7566116309694213	0.6758652631054112	0.5938464497786345	0.7390058573237723	0.5938464480433686	0.7390058568994382	0.739005857019875	0.5938464472538565	0.7390058554611066	0.5938464469845329	0.6758652676947611	0.7566116348697641	0.6758652681114724	0.7566116377665322
0.7487106545672747	0.6680301945880419	0.7487106549613838	0.6680301941569212	0.5848190879751187	0.7353275419870764	0.5848190867681898	0.7353275418961267	0.7353275403472065	0.5848190882148033	0.7353275395122432	0.5848190834083793	0.6680301984092682	0.7487106586004463	0.6680302014024743	0.7487106605888254
0.7420055667788547	0.6614449730234745	0.7420055671579348	0.6614449733461858	0.5772420228592845	0.7322416746871073	0.5772420216092827	0.7322416732425332	0.7322416727215297	0.5772420199904843	0.7322416704494936	0.5772420162688104	0.6614449690192294	0.7420055667124661	0.661444974191809	0.7420055661949114
0.7366356119269416	0.6562114532832999	0.7366356126649884	0.6562114537164231	0.5712272466581266	0.7297893274172171	0.5712272457631682	0.7297893254305775	0.7297893256947314	0.5712272444755854	0.7297893239440169	0.571227242205114	0.6562114500490451	0.7366356137997128	0.6562114544690218	0.7366356124867183
0.7327147444027747	0.6524120956173217	0.7327147447341329	0.6524120964259267	0.5668647863655667	0.7280074422457733	0.5668647852525953	0.728007440938957	0.7280074404488559	0.5668647847201539	0.7280074392265016	0.5668647828540094	0.6524120927721627	0.7327147457880213	0.6524120966649997	0.7327147453085292
