2.1078970360580067
2.2804909316564186
2.465992394607799
2.6649015307522097
2.877649733435453
3.1045826209278378
3.3459499881809185
3.601871723867897
3.872344300748552
4.157211020304524
4.456142601949789
4.768619534043266
5.093907272175854
5.431032923756967
5.778754940032067
6.135536124638464
6.4995128456884155
6.868470276440634
7.239824522501818
7.610616504860837
7.977522500165365
8.336884254229824
8.684762235193052
9.017008368148996
9.329358004816175
9.617535035269235
9.877366369622408
10.104900145232456
10.296526143493251
10.449090912030668
10.56000747246746
