1.358624573497633e-16
1.3410455052587585e-16
1.3222425270240552e-16
1.3018903591914232e-16
1.280078660413189e-16
1.2569562547147897e-16
1.2324195474485485e-16
1.2087388045492425e-16
1.1840215326255473e-16
1.1612300390910102e-16
1.1226509992407036e-16
1.0878805176449754e-16
1.0553794739428567e-16
1.02145621995588e-16
9.867642647787845e-17
9.508909121032173e-17
9.149068835123534e-17
8.779884987689764e-17
8.411182603791374e-17
8.042358979140201e-17
7.677138855014737e-17
7.319274527098031e-17
6.969927872639441e-17
6.635582879602873e-17
6.319673273431075e-17
6.026989437637726e-17
5.762000491802249e-17
5.529132891435894e-17
5.3324738597245344e-17
5.17558682114269e-17
5.061373682624857e-17
