-23.943481962799027
-25.87925872499597
-28.0044460723434
-30.33974853198277
-32.90840667482121
-35.73660057467396
-38.85396212364573
-42.294162223673084
-46.09575682478135
-50.30316241402488
-54.9679511408126
-60.15051954740329
-65.92225630631121
-72.36838261016806
-79.5917181478671
-87.71772698166893
-96.9013843854546
-107.33668253037506
-119.27008579230748
-133.02008231712117
-149.00644805673556
-167.7955695769931
-190.1733082753858
-217.2671319460732
-250.76090072113547
-293.29504865047386
-349.26823351705895
-426.6018800118401
-541.1516999950641
-729.9412954852235
-1104.0939793849623
