-115.02786642654746
-123.95339262096604
-133.70312242327782
-144.3610728653727
-156.02091837263114
-168.78757088739786
-182.77904512990747
-198.12885457842117
-214.98901533756884
-233.53389159743324
-253.96514298308693
-276.5181367841167
-301.4703667611293
-329.15256919402293
-359.96363927742823
-394.3908597688267
-433.03780646616224
-476.6634661060865
-526.2382346582741
-583.02582597472
-648.7062895433068
-725.5662968398381
-816.803832770887
-927.0363560782635
-1063.1905214581247
-1236.1550900663453
-1464.0874673006037
-1779.6888773946207
-2248.3930966949015
-3022.933181677845
-4561.608046662305
