0.003124266584563884
0.004123535523831379
0.004826550955840503
0.004392147906401078
0.0027139026096847374
0.003343149952343083
0.003554365197487641
0.0038696032388543244
0.0038398204633267596
0.0039390109122905415
0.0037810412504768465
0.0033994869008893147
0.0032009022615966387
0.0034683520934777334
0.0035291194144519977
0.0033522516023367643
0.003248393695685081
0.0031522239587502554
0.0031676983344368637
0.0030146694916766137
0.003271464171120897
0.0035791289410553873
0.004243954201228917
0.005158789514098316
0.006150935543701053
0.00776710850186646
0.010174943367019296
0.014307442586869001
0.021747715771198273
0.03793478384613991
0.0856852550059557
