1.284967838737017e-16
1.2741946343625062e-16
1.26286930503798e-16
1.251483923982041e-16
1.2375229299813681e-16
1.2217992435618237e-16
1.2077986763343164e-16
1.1897176786721585e-16
1.1721353771361748e-16
1.153582162015339e-16
1.135213960072595e-16
1.11352358167546e-16
1.0920612698460041e-16
1.0698384352143995e-16
1.0471162425826681e-16
1.0234022221845224e-16
9.995726267870236e-17
9.75223046904965e-17
9.509424937505155e-17
9.268093613629209e-17
9.030504724113189e-17
8.799153801375105e-17
8.576617001265545e-17
8.365467787299942e-17
8.168282978834704e-17
7.987542811145175e-17
7.825589892210562e-17
7.684575036530972e-17
7.566409171598932e-17
7.472725439464544e-17
7.404837949990981e-17
