-60.62887092457235
-64.65566124555643
-68.96724296523708
-73.58314358137791
-78.52480836360408
-83.81606961834433
-89.48385538224939
-95.55879777223612
-102.07657854052628
-109.07913077378632
-116.61637361963875
-124.74848534804725
-133.5487923314859
-143.10761468662918
-153.53733742949123
-164.9793158770831
-177.61332257256774
-191.67078804956466
-207.45367880516017
-225.3620179370094
-245.93504392954577
-269.9146056886708
-298.3462991811799
-332.7475966458543
-375.4015704788415
-429.90180372690264
-502.24163168289573
-603.2099465716676
-754.3803623605213
-1006.0786375392211
-1509.2530083089528
