4.8143497517829e-10
4.195639194233619e-10
5.274964585168683e-10
4.896086270538265e-10
5.441748336601883e-10
6.824673216347112e-10
6.315097409149519e-10
6.037630273140253e-10
8.303314717303725e-10
6.777071854451161e-10
1.0393556106711137e-9
1.1282472259475032e-9
8.479333101843638e-10
7.29131416375152e-10
9.946467157223529e-10
6.611540311886743e-10
5.079753000133732e-10
1.8998104558529444e-10
1.662377321165209e-10
1.126187040746541e-10
7.828420359285186e-11
1.178293082712763e-10
1.329619104087194e-10
1.0461765737388005e-10
1.8534281472050907e-10
1.723115702463226e-10
2.2241026261045101e-10
2.161794130759001e-10
1.0782347280675474e-13
-2.1991129803180453e-15
-1.936577535896329e-15
