1.2850641328875135e-16
1.2750065353248478e-16
1.2628204103321363e-16
1.2503073437885344e-16
1.2365745902823702e-16
1.2220971831834026e-16
1.206891614978301e-16
1.1901291926795557e-16
1.1725743597842485e-16
1.154036404763728e-16
1.1383739492241493e-16
1.1138833478222422e-16
1.0924742271657273e-16
1.0699256240601622e-16
1.0467311629842123e-16
1.0228549787633539e-16
9.981150702294114e-17
9.730402532111022e-17
9.472726573937798e-17
9.215542019046127e-17
8.958713200062379e-17
8.704534979948883e-17
8.455927219020649e-17
8.215866533891823e-17
7.98769787603982e-17
7.774915196089666e-17
7.581104211425313e-17
7.409805204966723e-17
7.264367822114421e-17
7.14779890201671e-17
7.06261538978868e-17
