1.3586135644079104e-16
1.3426961611035977e-16
1.3304037456144303e-16
1.309233145963491e-16
1.280614977608529e-16
1.2653075299307045e-16
1.2326301283232334e-16
1.2064514171994928e-16
1.182879137276736e-16
1.154694823714157e-16
1.1206200470474958e-16
1.0880863179992735e-16
1.055466959701095e-16
1.021801218908578e-16
9.873234476988955e-17
9.521389788134489e-17
9.164681238785127e-17
8.805681166131507e-17
8.44676223079507e-17
8.089410994542625e-17
7.738384354675627e-17
7.396044947808082e-17
7.065177127255109e-17
6.751271022759966e-17
6.454668155750551e-17
6.182306831099638e-17
5.936901995380657e-17
5.722007136157637e-17
5.541021779256533e-17
5.396897309023587e-17
5.292092192934241e-17
