25.29476443269606
26.510707080505878
27.742414439337743
28.980804146930282
30.215322201072254
31.433899036894356
32.623012384763975
33.76754741126156
34.85109870673698
35.855945050126536
36.76317646608576
37.55287883059073
38.20430454131895
38.69610958176841
39.00659584521647
39.11404279457021
38.99707707413047
38.635145304978565
38.00907874313452
37.101755461196596
35.89885125074416
34.38964754869804
32.56785838197394
30.432403242502854
27.98807401444853
25.24602946758174
22.22407433165042
18.946687772310852
15.44478921523987
11.755227276034498
7.9200056043505915
