1.2865835154220025e-16
1.277319851117904e-16
1.2648964408616043e-16
1.2543421729678692e-16
1.239837287133535e-16
1.227689208099434e-16
1.2117400630700188e-16
1.195496874288924e-16
1.1790096861169442e-16
1.161415625446007e-16
1.1425269281946655e-16
1.1228156434944585e-16
1.1020569675292477e-16
1.08037064537101e-16
1.0574058838124364e-16
1.0331857113536975e-16
1.0076700207118081e-16
9.810392017901038e-17
9.532170820745499e-17
9.242637911153313e-17
8.943454496076859e-17
8.637443289151443e-17
7.35370102599196e-17
6.520078760516173e-17
9.146715301441376e-17
7.383703580043846e-17
6.618007315816912e-17
7.844570655603747e-17
7.282727158119737e-17
5.691719233474724e-17
5.279580794968093e-17
