86.80285348128665
90.55678793811941
94.30476441359914
98.01317909357437
101.6442802465564
105.1566731789781
108.50545005612535
111.64268899579756
114.51797422510474
117.0790334750618
119.27238083651609
121.04405069826515
122.34028881315749
123.10824738129875
123.29668632787704
122.8565485240641
121.74163837149558
119.90917724805036
117.32053307973328
113.94191818030863
109.74534007524309
104.70973127650683
98.82237285488088
92.08062889909397
84.49396291321031
76.0861375495917
66.89740847506796
56.986430189271566
46.431515876391444
35.33086719605789
23.801438529977954
