0.9663357401723254	0.9382704835930065	0.9663357634488157	0.9382704893623357	0.9122728453249764	0.9191356421296376	0.9122728595568828	0.9191356269343484	0.9204790751464242	0.9198476227854464	0.9204790646884902	0.919847631284847	0.9198476317362836	0.920479069257166	0.9198476225532263	0.9204790921739472	0.9191356373791923	0.9122728329007186	0.9191356155898385	0.9122728428148285	0.9382704793716891	0.9663357351304946	0.938270455737009	0.9663357418612135
0.9631565389181165	0.932945809557511	0.9631565691636346	0.9329458155730471	0.9051152573993129	0.9131260763550573	0.9051152718168898	0.9131260535669009	0.9146100529587539	0.9138238224541358	0.9146100370941576	0.9138238146083547	0.9138238209514394	0.9146100526098706	0.9138238166952829	0.914610050402335	0.9131260609199101	0.9051152345369314	0.9131260263208885	0.9051152356991767	0.9329457939800485	0.9631565335805876	0.9329457632388377	0.9631565380921088
0.9596623726195846	0.9271804044447463	0.9596624257087344	0.9271804252455538	0.8974307407348225	0.9067700978311266	0.897430760898	0.9067700696418023	0.908396164781426	0.9074202786709762	0.9083961329919462	0.9074202704196648	0.9074202918045827	0.9083961235755461	0.9074202310440593	0.9083960848793864	0.9067700210777401	0.8974306463660058	0.9067699673210399	0.8974306630313318	0.9271803548049453	0.9596623729389199	0.9271803496777163	0.9596623811509225
0.9558252817139374	0.9209501897623893	0.9558253641663432	0.9209502314179775	0.8892013900268599	0.9000730280205502	0.889201426898957	0.900073000459533	0.9018380525167962	0.900631204411084	0.9018380142855332	0.9006311944396068	0.9006312104608034	0.901837972228257	0.9006311431439623	0.901837945139824	0.9000729090396475	0.889201255224629	0.9000728422531122	0.8892012661350969	0.9209501110730288	0.9558252841653336	0.9209501177605004	0.9558252811759973
0.9516158660982863	0.9142325050143607	0.9516160016143923	0.9142325808521226	0.8804128390284879	0.8930450808600903	0.8804128342804469	0.8930450157280675	0.8949398099634935	0.8934535363138836	0.8949396851977178	0.8934535445148708	0.8934535434307227	0.8949397175635561	0.8934535554495092	0.8949396997239685	0.8930449129217669	0.8804126718546404	0.893044908970926	0.8804126729869235	0.9142324066391749	0.9516158840151582	0.9142324048575563	0.9516158858922462
0.9470035138604451	0.9070066049611276	0.9470037086156471	0.9070067148604616	0.8710548460383322	0.8857018173205232	0.8710548449979574	0.8857017341648068	0.8877094341921834	0.885887798213805	0.8877092441400669	0.885887810666603	0.8858878178452679	0.887709273824205	0.8858878104768029	0.887709267800783	0.8857015640597101	0.8710545965517056	0.8857015648320132	0.8710545928256064	0.907006454970365	0.9470035339887095	0.9070064484623425	0.9470035353958439
0.941956574134571	0.8992542589895252	0.9419568674757048	0.8992544205776741	0.8611219257774447	0.8780639389466258	0.8611219496051691	0.8780638118457179	0.8801582642437575	0.8779373410021784	0.8801580172411758	0.8779373787667291	0.8779373726666904	0.8801580568987304	0.8779373662328288	0.8801580567033591	0.8780635920681222	0.8611215918965414	0.878063579195349	0.8611215908476578	0.8992540335204782	0.9419566039956523	0.8992540235830181	0.9419566074844935
0.9364428021672213	0.8909600629333495	0.9364427927960653	0.8909600546852253	0.8506135328628639	0.8701569970489387	0.8506135347842373	0.8701569928195081	0.8723011283027752	0.869609393004008	0.8723011299908312	0.8696093884794188	0.8696093896792435	0.87230114075119	0.8696093714996475	0.872301121501968	0.8701569949409964	0.8506135371571752	0.8701569873897256	0.8506135284477621	0.890960049703116	0.9364427924077935	0.8909600466594806	0.9364427920272085
0.9304295829865252	0.8821131710640121	0.9304295653809735	0.8821131626912695	0.8395362641141104	0.8620128005349879	0.8395362606223455	0.8620128117616077	0.8641570558066713	0.8609147790696965	0.8641570502652891	0.8609147706983331	0.8609147631206508	0.8641570391078504	0.8609147446041684	0.8641570232196957	0.8620128045646533	0.8395362457593897	0.8620127844018465	0.8395362446815321	0.8821131576717245	0.930429551031933	0.8821131468730585	0.9304295577834901
0.9238847340353974	0.8727064145690391	0.9238847182452329	0.872706405479534	0.8279019824536595	0.853666470172166	0.8279019732870363	0.8536664721407725	0.8557474719226005	0.8518683791786663	0.8557474658662819	0.851868376342254	0.851868373604783	0.8557474470362052	0.8518683714405456	0.8557474350188162	0.8536664525449672	0.8279019453197599	0.8536664509918422	0.8279019296248851	0.8727063776795381	0.9238847032415669	0.8727063857654379	0.9238846946298644
0.916777138615064	0.8627379044100862	0.9167771149698538	0.8627378822672822	0.8157297642475315	0.8451571195606616	0.8157297471375088	0.8451571063690353	0.8470968200228177	0.8424891783445412	0.8470968181249862	0.8424891959250914	0.8424892025860108	0.847096819015493	0.8424891950671829	0.847096827035115	0.8451571136249725	0.8157297467097099	0.8451571208400505	0.8157297409462907	0.8627378928777887	0.9167771193246846	0.8627378713271844	0.9167771354408375
0.9090777721521828	0.8522116045283513	0.9090777638428192	0.8522115839528048	0.8030460487041646	0.8365265131579522	0.8030460487101668	0.8365264980715293	0.8382319452195965	0.8328005856376255	0.8382319511494638	0.832800577876957	0.8328005762411849	0.8382319366975854	0.8328005692377217	0.8382319340340805	0.8365264991439052	0.8030460370649992	0.8365264874360616	0.8030460479046594	0.8522115852302024	0.9090777655712828	0.8522115906246139	0.9090777645259625
0.9007608758275993	0.8411380698576831	0.9007608675968553	0.841138055991069	0.7898850652881166	0.8278178254920183	0.7898850587846412	0.8278178144734324	0.8291815523941138	0.822830429609	0.8291815459039176	0.8228304173867724	0.8228304060311046	0.8291815478442952	0.8228304058852871	0.8291815387020969	0.8278177991529567	0.789885049228076	0.8278177936494304	0.7898850570469481	0.8411380562189809	0.9007608656752683	0.841138058081283	0.9007608699588452
0.8918054708111488	0.8295353083616525	0.891805464427566	0.8295353063859664	0.7762892414761267	0.8190741023819598	0.7762892300996487	0.8190741072316509	0.8199757083140663	0.8126112677952513	0.8199756990195253	0.812611267480329	0.8126112609069494	0.8199757135085659	0.8126112392499744	0.8199756930431169	0.8190740917430561	0.7762892385707701	0.8190740832392365	0.7762892411445739	0.8295353135841523	0.8918054766258152	0.8295353118743107	0.8918054795091562
0.8821973308981099	0.8174298506575776	0.8821973325957243	0.8174298571285871	0.7623098628364978	0.8103368029276868	0.7623098586439382	0.8103368088692504	0.810645449558441	0.8021805745002522	0.8106454428135966	0.8021805785162992	0.8021805766785988	0.8106454460383206	0.8021805715353557	0.8106454381723748	0.8103368131229535	0.7623098637865744	0.8103368006556918	0.7623098602318227	0.8174298522384097	0.8821973321835961	0.8174298525492669	0.8821973263652612
0.871931224311467	0.804857832959592	0.8719312226246063	0.8048578367772257	0.7480076353726237	0.8016440862575782	0.7480076303153057	0.8016440919700771	0.8012223427510969	0.7915808587819295	0.8012223410899926	0.7915808563280158	0.7915808567363267	0.8012223561556662	0.7915808438613441	0.8012223336472892	0.8016440825513248	0.748007627357939	0.8016440767431858	0.7480076238784367	0.8048578343166293	0.8719312177976248	0.8048578252710191	0.8719312252983098
0.8610136987498989	0.7918663325265489	0.8610136911215502	0.7918663298550186	0.7334533880741657	0.7930293420057832	0.733453384012873	0.7930293446592345	0.791738317054333	0.7808597611522724	0.7917383199039113	0.7808597590754585	0.7808597675170931	0.7917383214238292	0.7808597499720704	0.791738311362516	0.7930293566340693	0.7334533900470225	0.7930293428083559	0.7334533834676791	0.7918663419431995	0.8610136846782632	0.7918663263749658	0.8610136923892809
0.8494661977124233	0.7785147846502667	0.8494661809873514	0.7785147722538698	0.718728770847289	0.7845199665165894	0.7187287675196361	0.784519968908755	0.7822255232022266	0.7700700954235941	0.7822255226545961	0.7700700924641457	0.7700701009653229	0.7822255215958057	0.7700700914445938	0.7822255233905415	0.7845199712446498	0.7187287698192032	0.784519970256261	0.7187287673454051	0.7785147882291805	0.8494661836210974	0.7785147769687963	0.8494661927703333
0.8373286388995871	0.7648765682169382	0.8373286182000829	0.76487654952927	0.7039269358062685	0.7761367095028501	0.7039269354131169	0.7761367071230084	0.772716653273961	0.759269781033753	0.7727166556491407	0.7592697734240756	0.7592697736102184	0.7727166464109952	0.7592697693275157	0.7727166358534724	0.776136694350918	0.7039269202749019	0.7761366942698074	0.7039269111125844	0.7648765360683466	0.8373286133683578	0.7648765417348447	0.8373286115747347
0.8246631525518187	0.7510405257969232	0.8246631509112011	0.7510405224472425	0.6891530217929733	0.767893862088689	0.6891530216980629	0.7678938581093853	0.763245621083754	0.7485217459226103	0.7632456235161333	0.7485217453569083	0.7485217530161441	0.7632456290164473	0.7485217462630624	0.7632456213559872	0.7678938619250641	0.6891530216390254	0.7678938654035544	0.6891530254692845	0.7510405310109707	0.8246631517425712	0.7510405313862187	0.8246631594262148
0.81155824426968	0.7371127789117083	0.8115582433636596	0.7371127748451003	0.6745246082675501	0.7598009124652199	0.674524609778356	0.7598009098243231	0.7538490688944256	0.7378940539480178	0.7538490668364903	0.7378940526915888	0.7378940610411373	0.7538490699939013	0.7378940588483507	0.7538490644418806	0.7598009114281795	0.6745246060491875	0.7598009118079438	0.6745246059428845	0.7371127798632471	0.8115582436430764	0.7371127790749884	0.8115582489993995
0.7981324992639454	0.7232179851098103	0.7981324977833437	0.7232179815398513	0.6601716107894462	0.751865632967783	0.6601716110607271	0.7518656340860169	0.7445685689760192	0.7274601663356591	0.7445685707477323	0.7274601681045771	0.727460169278926	0.7445685675374877	0.7274601705771364	0.7445685629362886	0.7518656342586546	0.6601716075128673	0.7518656327189517	0.6601716071712266	0.7232179866280593	0.7981324954020376	0.7232179826641163	0.7981324984354063
0.7845382497588599	0.7095007878603565	0.7845382466356104	0.7095007826462185	0.6462360504836946	0.7440994326977889	0.6462360500347701	0.7440994315307744	0.7354541649032073	0.7172999584448819	0.7354541655190017	0.7172999608603262	0.717299959584989	0.7354541632796607	0.7172999611218489	0.7354541640610669	0.7440994293602188	0.6462360454883692	0.7440994294400181	0.6462360488096209	0.7095007898004517	0.7845382456197858	0.7095007858000462	0.7845382518832544
0.770964192293358	0.6961265622950693	0.770964189605969	0.6961265588554395	0.63287122891884	0.7365245079169496	0.632871227089417	0.7365245076563856	0.7265688857259032	0.7075014306114331	0.7265688840575125	0.7075014329972094	0.7075014284586137	0.7265688802251334	0.7075014279322079	0.726568879499949	0.7365245034514276	0.6328712239326566	0.7365245018680125	0.6328712219110995	0.6961265596141095	0.7709641903427304	0.6961265605088154	0.770964189338184
0.7576364639299572	0.6832814822394879	0.7576364619904823	0.6832814801934534	0.6202404275086194	0.7291826168584701	0.6202404248195856	0.7291826157029522	0.7179941502525078	0.6981633352959098	0.7179941521530852	0.6981633364193679	0.6981633373846357	0.7179941487200863	0.6981633347642698	0.7179941507821406	0.7291826133992603	0.6202404258140753	0.7291826137721134	0.6202404245463196	0.6832814858659342	0.7576364673132842	0.683281484314762	0.7576364685264942
0.7448170771229526	0.6711711263433446	0.7448170750235759	0.6711711244968571	0.6085148151918536	0.7221438970511186	0.6085148137278035	0.7221438979684046	0.7098350831494935	0.6893981956698213	0.7098350849145986	0.6893981977990478	0.6893981964706384	0.7098350813862675	0.689398191907156	0.709835079772103	0.722143893426586	0.6085148132897452	0.7221438914055809	0.6085148081285685	0.6711711270599056	0.7448170753391998	0.6711711229588315	0.7448170792081644
0.7327984951933242	0.6600169146808397	0.7327984935134157	0.6600169126134751	0.5978702876505948	0.7155136163853538	0.5978702861688664	0.7155136162041789	0.7022240638909006	0.6813346433546092	0.702224064277977	0.6813346431239649	0.6813346445050669	0.7022240645533715	0.6813346403066369	0.70222405743591	0.7155136105052723	0.597870284565801	0.7155136118470854	0.5978702825944759	0.660016919122197	0.73279849087358	0.6600169087295782	0.7327985013477283
0.7218934533934714	0.6500497005666893	0.7218934538636073	0.6500496997823724	0.5884829064507258	0.7094340927668163	0.5884829045086679	0.7094340918350283	0.6953205627724269	0.6741175434642792	0.6953205607791539	0.6741175455261293	0.6741175463612699	0.695320563312129	0.6741175435997124	0.6953205541325279	0.7094340852310689	0.5884829024789604	0.7094340868663647	0.5884829022219106	0.6500497048939274	0.721893451456248	0.6500496982638695	0.7218934596379889
0.7124195490864191	0.6415000167041656	0.7124195489609624	0.6415000174818303	0.5805227034849639	0.7040792345095033	0.5805227002397789	0.7040792343943069	0.6893052483762225	0.6679041641513898	0.6893052467741777	0.6679041682146385	0.6679041687734989	0.6893052500146472	0.6679041663148241	0.6893052415683192	0.7040792292593187	0.5805226968908906	0.7040792261963008	0.5805226970097116	0.6415000172967106	0.7124195464933245	0.6415000153067956	0.7124195515191322
0.7046795125054938	0.6345853300923684	0.7046795126632875	0.6345853313682187	0.5741459425381885	0.6996405006731223	0.574145940251317	0.6996404987485192	0.6843674110608624	0.6628551866907757	0.6843674105980282	0.6628551899658186	0.6628551904073281	0.6843674126066	0.6628551869392181	0.6843674030552116	0.699640493894628	0.5741459370790837	0.6996404899642771	0.5741459359404111	0.6345853305384797	0.70467950968716	0.6345853295530601	0.7046795149071112
0.6989392460470307	0.6294955573471307	0.6989392472594247	0.6294955599364905	0.5694865101184694	0.6963055502899035	0.569486507632821	0.6963055480005046	0.6806867204474685	0.6591210726677785	0.6806867192978813	0.6591210760802634	0.6591210747381093	0.6806867184126116	0.6591210748562658	0.680686713683751	0.6963055391207721	0.5694865047271988	0.6963055413967848	0.5694865018034162	0.6294955578019933	0.6989392454653662	0.6294955572897897	0.6989392483117319
