-35.33410641562267
-38.14495409032605
-41.22482845063473
-44.60233936141838
-48.30948609592224
-52.382170528519964
-56.86084291375869
-61.79125026815086
-67.2254796948564
-73.22318563515996
-79.85319706195375
-87.19560645251985
-95.3444877536476
-104.41150505206767
-114.53074152970567
-125.86527305083321
-138.61624545675568
-153.0356427149203
-169.44460004181934
-188.26026247383433
-210.036192677556
-235.52495813977538
-265.7784407988812
-302.31519340280045
-347.41349644821616
-404.6557742579838
-480.01755735031486
-584.2632587842983
-738.9355731452814
-994.3234102428462
-1501.3330026716767
