71.42564777112409
74.54509479187362
77.66405470196415
80.75509054648778
83.7873062308957
86.72669731508772
89.53629327668511
92.17652031955568
94.60562544517117
96.78021646957328
98.6557081156231
100.18697519242447
101.32887410651249
102.03684387597346
102.26739145231024
101.97865836518622
101.13088889624753
99.68692332463138
97.61278860671982
94.87830355574019
91.45789192183665
87.33159750913158
82.48635983434274
76.91761324196354
70.63115558260606
63.645205225503744
55.9924529015094
47.72182727761987
38.89961596266887
29.60960434090349
19.95195395066559
