0.004320943839047686
0.005572448384555173
0.0062697227203898365
0.004669635069149081
0.004702477755927248
0.00469595584218041
0.0047749204786669
0.005004907041438855
0.005622331642371137
0.0051237544903415255
0.005124976712977514
0.004936481520417146
0.00497757169068791
0.004866065151873045
0.0051007880247198045
0.004952888935804367
0.004637822916265577
0.004593132995069027
0.00443465166608803
0.004316599806770682
0.004648639471270144
0.005188522103708237
0.006090871640481055
0.007391656166873872
0.009046423947438598
0.011287061963230371
0.015154000138863921
0.021144526544958353
0.03198255691677332
0.05579466838389635
0.12445810064673424
