63.73704491685551
66.53924842995804
69.34370308772085
72.12604164418528
74.85881771275014
77.51168171516296
80.05171264373566
82.44343124189308
84.64945541627819
86.63080165953934
88.34736547540248
89.75841649815509
90.82313294084267
91.5010636473714
91.75261516311592
91.53950003021211
90.82517585230211
89.5753094402471
87.75828639228428
85.34579836535696
82.31361285576685
78.6425276912329
74.31956413061503
69.33943576774632
63.706234488981075
57.435272385930446
50.55493663604942
43.10835976172086
35.15463089468279
26.769233905089443
18.04337707888829
