1.3584187511596444e-16
1.342276584062759e-16
1.3217679735189836e-16
1.3013749508373363e-16
1.279582346031387e-16
1.2562328706018276e-16
1.2315277480190993e-16
1.2054519590826657e-16
1.1777700159163082e-16
1.1558027197572654e-16
1.1180497534849141e-16
1.0864273581328981e-16
1.053843092738639e-16
1.0201855801742806e-16
9.858360839501685e-17
9.509396189076689e-17
9.158403888303535e-17
8.80806816903127e-17
8.460057093558493e-17
8.119827858803812e-17
7.786900533060536e-17
7.467272391584054e-17
7.163653347590622e-17
6.878790569134556e-17
6.615963075562339e-17
6.377327525808484e-17
6.165420373896877e-17
5.982438683891095e-17
5.83017046011109e-17
5.710127046704594e-17
5.623508642979826e-17
