1.361678967677564e-16
1.3448136592475952e-16
1.32670316649497e-16
1.3075359956394924e-16
1.2868042619401388e-16
1.2689932833025088e-16
1.241964965260538e-16
1.218860173787613e-16
1.1922696512764339e-16
1.1658494302614622e-16
1.1379194797623934e-16
1.1091091097649349e-16
1.0792789782425877e-16
1.0484080267489296e-16
1.0165971290353414e-16
9.838165772818102e-17
9.500692029019657e-17
9.154392267556303e-17
8.79952963666092e-17
8.437378212465924e-17
8.068239079409998e-17
7.69626672930832e-17
7.327927697930973e-17
5.81952263964459e-17
6.606585553042456e-17
6.271761652388746e-17
5.958143417630157e-17
5.151602669127927e-17
5.4662989651347967e-17
4.6534916104725925e-17
5.1473364389773645e-17
