0.0021186135809330153
0.0026920313471237023
0.0030887759203324094
0.0034267288110640948
0.0027397478761486127
0.0034981954831891926
0.004217600397169008
0.0022290161359705962
0.00236024560763326
0.002520149619158474
0.0023072363328537904
0.001996000955841737
0.0019098793090961408
0.001917639125167625
0.0019987225823570043
0.0019099969576927833
0.0018584804711281322
0.0018150579198845662
0.0018472356168786064
0.0017022002284647897
0.0018719758954830468
0.0019851690449286252
0.0024964129843283445
0.0028365334146656096
0.0033611353719606996
0.004213938373140991
0.005597330164164305
0.007615048089064658
0.011828591348603368
0.02097864355891943
0.046623739413917065
