5.9521373142603355
6.412481272419242
6.903471529063473
7.425755452550593
7.979743450561501
8.565599734823461
9.183209566839531
9.832162167419273
10.511736160574573
11.22089466313891
11.958267650378552
12.722155579990401
13.510516547534989
14.320960543996287
15.150724659601517
15.996652292578204
16.855148149374585
17.722119702156665
18.592912115565678
19.46221611399799
20.323975982630355
21.171296365850075
21.99636262249139
22.79040392354479
23.543718527535386
24.24579246685856
24.885534622893076
25.45164121473062
25.93307730844591
26.319648303025286
26.602605267554168
