-213.21557706372099
-226.76857103239644
-241.21912267971481
-256.6255567279414
-273.0525972935919
-290.5736183088481
-309.27279758599536
-329.24824168584325
-350.61579450393555
-373.51389426730907
-398.1096203115513
-424.6064666228075
-453.2542382353339
-484.3619364092401
-518.314796996537
-555.5970244732898
-596.8230529159307
-642.7809456585976
-694.4944894482989
-753.31362143167
-821.0501574930344
-900.1873797256006
-994.2152551010195
-1108.188839423487
-1249.704945181149
-1430.7150024850835
-1671.1493249323053
-2006.8883975367414
-2509.6884046701116
-3346.9547725603225
-5020.833866095724
