1.2850842959969835e-16
1.2743217430499082e-16
1.263056953193681e-16
1.2500647731465915e-16
1.2365752217990497e-16
1.2222725315063622e-16
1.2066312379353647e-16
1.1906305685117117e-16
1.1725703731628107e-16
1.1563151231078256e-16
1.1390811649721343e-16
1.1139121500911189e-16
1.092630274691954e-16
1.070196553173353e-16
1.0467846726034705e-16
1.0231051500079835e-16
9.982650027266774e-17
9.729797366287439e-17
9.472560979263758e-17
9.215185323432703e-17
8.958066419414639e-17
8.703584716833185e-17
8.454474274253595e-17
8.213772090593535e-17
7.984813379939028e-17
7.771118731203658e-17
7.576319290945605e-17
7.404018052288799e-17
7.257636391049581e-17
7.140251715948151e-17
7.05444127094186e-17
