-46.71872175985554
-50.40305155151145
-54.435727822461416
-58.85329377389722
-63.69659574196892
-69.01144735131447
-74.84947783151928
-81.26911808632542
-88.33696193911777
-96.12939297444214
-104.73472242352682
-114.25594798118988
-124.81436122313539
-136.55431715358827
-149.6496101714979
-164.31211912025103
-180.80370144800656
-199.45287944020944
-220.67868702616283
-245.02557194374026
-273.21582943260853
-306.2307706048318
-345.4408045508669
-392.8225571708517
-451.3392480604207
-525.647614320174
-623.5123142524503
-758.9181180322746
-959.8507115745485
-1291.6390438823614
-1950.3238426600892
