1.2850623065579763e-16
1.2744471299331823e-16
1.2626919690325895e-16
1.2500655522502032e-16
1.2375205602599372e-16
1.22217875842135e-16
1.2066836248742208e-16
1.1903080633768437e-16
1.1726127616192868e-16
1.1629573571246822e-16
1.1359801613711134e-16
1.1139158836671732e-16
1.092490865612284e-16
1.0706799208259836e-16
1.0468214884515891e-16
1.0230897012508167e-16
9.98356059217667e-17
9.752982612913535e-17
9.477520914410811e-17
9.221357085659634e-17
8.965478475979086e-17
8.712154728833299e-17
8.4639595342664e-17
8.223730442635892e-17
7.994608194625126e-17
7.779990204519216e-17
7.583480696760534e-17
7.408794333877117e-17
7.259611226727471e-17
7.139386021539314e-17
7.051127076604319e-17
