5.311420409737961
5.723806316555529
6.163884718908517
6.632279691419326
7.129411210738096
7.655474737300036
8.210432066024156
8.793965999135274
9.405495046253124
10.044150917048063
10.708771572776053
11.397894158495879
12.109751058779
12.84225454699948
13.592980024165366
14.359137259641138
15.137529308716992
15.924499456043923
16.715864074720812
17.506830433919376
18.29191396794821
19.06485519787465
19.818550434830698
20.545018005258196
21.235411496327004
21.880103766068764
22.468860727133073
22.991125206251116
23.436420596455196
23.79487458230173
24.0578361051844
