-175.06865746704153
-186.2400972904324
-198.1559440542255
-210.86486491039548
-224.42082817904824
-238.88489449849337
-254.32703834590612
-270.82868112039773
-288.48583731252745
-307.41314265422545
-327.748755256826
-349.6608356366396
-373.3556600258041
-399.08829606128137
-427.17656273883
-458.0199060824613
-492.12509283369207
-530.1420890124367
-572.9152871445971
-621.558188967452
-677.5654710553641
-742.986094860567
-820.700156955256
-914.8801065025651
-1031.797376499263
-1181.3195626602608
-1379.9034143235033
-1657.1774423032962
-2072.395870814948
-2763.7977210659897
-4146.040986691193
