0.03365971064023105	0.027435706377690498	0.033659689224066015	0.02743571955783353	0.027443843899700532	0.03354247100545805	0.02744384695194202	0.03354247739841658	9.891454672583025e-5	9.982409273250537e-22	9.891693627206965e-5	1.4254447131325812e-26
0.03685461186783011	0.029426129269324586	0.036854579378376086	0.029426147780222095	0.029436770941796232	0.03671275458370779	0.02943677359293683	0.03671277361412429	0.00011791165558526112	4.0042896355375765e-20	0.00011791248177497436	7.950164005112003e-26
0.040375034473763775	0.03150679672574615	0.04037497439495297	0.03150682524528434	0.03152072088472404	0.04020317756310896	0.03152072373820575	0.040203203844190814	0.00014056222361603574	1.3006911503673199e-21	0.0001405637166205809	6.72275288611046e-25
0.04425392284378829	0.033666873516026534	0.04425383262362747	0.03366691460281762	0.03368509283892115	0.044045520712778466	0.033685096909560674	0.044045560248449675	0.00016752925330381496	7.152866087432029e-23	0.00016752982064635914	1.990650871663787e-27
0.04852760309699166	0.035891759873874565	0.048527467582609354	0.035891820876166415	0.035915591049343415	0.04827469975663331	0.03591560118240085	0.04827475579051728	0.00019956785506072917	8.355098315948748e-22	0.00019957097533375177	1.9703334075903579e-25
0.05323618208197847	0.03816271135192317	0.05323598790459498	0.03816279820620263	0.038193860899760186	0.052929148372159646	0.03819387266539751	0.052929234018630006	0.0002375453972899624	4.6467091238447624e-20	0.0002375498624455626	8.413973486855048e-25
0.05842404976929249	0.04045675955905708	0.05842406240506013	0.04045675683489468	0.04049730209286464	0.05805137981163038	0.040497305262895064	0.0580513755752841	0.00028244499943759613	1.7263423040044243e-20	0.00028244837745146763	1.834332633006278e-22
0.06414050166426434	0.04274560079224864	0.06414051282686373	0.04274559709581535	0.04279843331135258	0.06368816417220056	0.0427984358366366	0.06368816016475276	0.00033536097264502007	2.184639866824557e-23	0.0003353671603028997	1.3305477248998095e-26
0.07044023419379196	0.04499671648221303	0.07044025059988701	0.044996710744903703	0.045065424475020745	0.06989156737921595	0.04506542977198694	0.06989155768091841	0.00039751461612585516	5.278261771369768e-21	0.00039752485676039924	7.185457192365072e-27
0.07738401889789036	0.04717270007377618	0.07738402997590813	0.04717269687317023	0.04726184812634038	0.07671921672697826	0.047261849732523564	0.076719207097716	0.00047025757505961036	4.008133619497096e-21	0.00047026538553194717	2.8571215843261766e-28
0.08503900992375624	0.04923172354405873	0.08503901277191044	0.04923172309951187	0.049347064171195165	0.08423474684704771	0.049347065724146835	0.08423474479752005	0.0005550424181358565	5.278067952949544e-22	0.0005550433504709079	9.209795613740564e-26
0.09347896605991628	0.051128104700467344	0.0934789714385815	0.05112810352626926	0.05127685360711886	0.09250801076825399	0.05127685619651349	0.0925080070591222	0.0006534115415303758	2.7669361933183456e-23	0.0006534133018942778	7.594140689653534e-25
0.10278382503555093	0.05281325623682231	0.1027838300925546	0.05281325491507656	0.053004404166991065	0.10161466863771972	0.05300440559098873	0.10161466501345583	0.0007670033998378516	1.3020323315064637e-23	0.0007670048145665669	7.252974598011348e-29
0.11303821524939624	0.05423710286480777	0.11303822220917466	0.054237100581795095	0.05448173999039968	0.1116348625766966	0.05448174125161412	0.11163485885810813	0.0008974825127173555	5.3806172871999556e-21	0.0008974850323297662	3.060320992879677e-25
0.12432850292818445	0.05535008549932868	0.12432850880728694	0.05535008269398925	0.055661761767837645	0.12265040818438835	0.05566176315917029	0.12265040330544486	0.0010464997042880493	4.386841529717033e-21	0.0010465031650160118	3.259809862930972e-25
0.13673746800104	0.05610589347739757	0.13673747761444513	0.05610588848041509	0.056500944336124556	0.13473975512074432	0.05650094616523785	0.13473975045712308	0.0012156062927698716	4.236319656575274e-21	0.0012156116740160174	1.4055480799514575e-25
0.15033595304371786	0.056464976548053596	0.15033596218835646	0.05646497216806895	0.05696278368691363	0.14796993221802043	0.05696278637690888	0.14796992629004976	0.0014061576643141572	7.834975099722468e-23	0.0014061632312778731	3.1055952795092087e-24
0.16517059775377932	0.05639879576802258	0.1651705981934465	0.05639879555800724	0.05702189333332659	0.16238474460389068	0.05702189324968094	0.1623847443546374	0.0016191518345312808	6.732148972395533e-26	0.001619152174043411	7.047100058677932e-28
0.18124753772154525	0.0558945639195443	0.18124753846383024	0.055894563564120356	0.05666843348038235	0.1779890579194398	0.056668433343340985	0.17798905750893343	0.0018550420437081563	6.435718529137052e-25	0.0018550426401266812	7.990447473149444e-27
0.19851324357075242	0.05495982866062956	0.19851324476751062	0.05495982807103569	0.05591235125582768	0.1947301005955025	0.05591235103224253	0.1947300999207937	0.0021135369129243763	3.1044902518931675e-25	0.0021135379339739515	8.662914490367428e-26
0.21683472834445197	0.05362600488501475	0.21683473024457894	0.05362600394758685	0.05478635611809172	0.21247830911453344	0.05478635574010339	0.21247830803279896	0.0023933223461741803	2.523424955071302e-24	0.0023933240248911435	2.1098230279975484e-25
0.23598400793433763	0.0519496172735656	0.23598401078439288	0.051949615816256595	0.05334659098508201	0.23101223622966607	0.05334659035681978	0.23101223460125148	0.002691812014520343	5.468605199349984e-23	0.0026918145311512747	3.2021966777746523e-25
0.255632371684522	0.05001020655269315	0.25563237168452163	0.05001020655269304	0.051670009718147815	0.2500130744838677	0.05167000971814787	0.2500130744838673	0.0030049404223205507	3.3006332124357784e-33	0.0030049404223205017	1.114117893807001e-33
0.2753592816314901	0.04790449841572348	0.27535928163148976	0.047904498415723376	0.04984820451934585	0.2690735439433472	0.04984820451934614	0.2690735439433463	0.003327041204577498	4.130057928961866e-31	0.0033270412045774524	2.4096045874979483e-32
0.29467742910545963	0.0457375441183674	0.2946774291054593	0.04573754411836754	0.04797853960595491	0.287722515275342	0.0479785396059548	0.28772251527534143	0.0036509209080198184	3.259687169339577e-32	0.003650920908019788	1.7092139960187494e-32
0.313070097616967	0.04361264876177104	0.3130700976169673	0.043612648761771115	0.04615444247173178	0.30546165839957606	0.046154442471731796	0.30546165839957473	0.003968090498669727	1.5373506918014315e-32	0.003968090498669748	4.449306647148357e-32
0.3300328093778329	0.04162240017688743	0.3300328093778334	0.04162240017688738	0.04445713472605446	0.32180608757361134	0.04445713472605441	0.32180608757361057	0.0042691931865727365	3.5171787710469475e-31	0.00426919318657273	3.389943839218397e-32
0.34510981310941796	0.03984269054335849	0.34510981310941824	0.03984269054335833	0.04295055218910049	0.33631972427700807	0.042950552189100405	0.336319724277009	0.0045445579370390465	1.4002402244299724e-32	0.004544557937039022	1.1824356598377907e-31
0.3579185325476173	0.038330501713266935	0.35791853254761713	0.03833050171326698	0.04168005725860932	0.3486386279266436	0.04168005725860954	0.3486386279266429	0.004784804970445008	1.0492179404572764e-31	0.0047848049704450465	2.8018192688418816e-32
0.3681598281531793	0.037125012108487065	0.3681598281531799	0.03712501210848702	0.04067436245273871	0.3584802540975971	0.04067436245273868	0.35848025409759654	0.004981427241055293	1.4349501992554759e-31	0.004981427241055271	2.2236163823403294e-32
0.3756164031754112	0.03625080991358903	0.37561640317541045	0.0362508099135888	0.0399493756104813	0.3656410340711145	0.039949375610481494	0.36564103407111564	0.005127291880050101	5.170892303111135e-33	0.0051272918800500614	4.2035935070547524e-33
