6.300449536181802e-10
5.081059841549345e-10
5.788167482899047e-10
6.608095479291038e-10
6.706510683184304e-10
8.326108520575552e-10
1.0014827963605515e-9
9.909343457914115e-10
9.44095318806404e-10
8.322478575377226e-10
1.2369350465067614e-9
1.3181474050727174e-9
1.1509244993492992e-9
9.277093367098186e-10
9.666657924697938e-10
8.980475609134966e-10
7.629454987576559e-10
4.962545430676348e-10
1.6392804557972353e-10
8.598872793189744e-11
9.624634576842785e-11
1.4392044384318424e-10
1.4370016974074638e-10
1.566672381130246e-10
2.0850701950015835e-10
2.0471353520524674e-10
3.026741817743662e-10
1.9790144157514148e-10
4.887285587470053e-14
-2.3953466935541603e-15
4.389798000929704e-15
