1.358616794806588e-16
1.3411555355516293e-16
1.3223931626972135e-16
1.3018026340705858e-16
1.28017878842505e-16
1.2579352894065893e-16
1.2322612134026875e-16
1.2090811527952157e-16
1.1797554057192333e-16
1.1497533460480862e-16
1.1195103879784304e-16
1.0880391483510657e-16
1.0555371146524514e-16
1.0217873684055178e-16
9.875986567811258e-17
9.521931328568697e-17
9.166038764275104e-17
8.805503383658223e-17
8.447255357148214e-17
8.089050750027531e-17
7.738328167367079e-17
7.39441253540671e-17
7.063175505613776e-17
6.748810946160155e-17
6.450697759599775e-17
6.176952219173963e-17
5.929956165113183e-17
5.71339930105853e-17
5.5307886853233655e-17
5.385217765277767e-17
5.279272742735663e-17
