2.71118032091048e-24	0.00010099429358331429	3.454872838292356e-26	0.00010098030665038628	0.033540521765834296	0.028122667417152747	0.033540523501420214	0.02812264884544962	0.02609203644638461	0.026087661411328324	0.026092065163401314	0.026087645192273558	0.028110200320038557	0.033657931540188694	0.02811021697754106	0.03365792223613083
5.186115479032665e-24	0.00012075099294748839	1.2666218570421402e-20	0.00012073208169372518	0.03669106844992657	0.030286177727424455	0.036691071949264194	0.030286150966597623	0.027954324736623352	0.027948634607849285	0.0279543688211823	0.02794861749601468	0.03026994927635424	0.03683313708403503	0.030269972736650642	0.03683312435710079
1.1203416430861138e-29	0.00014442889226551743	4.3024056884724394e-24	0.00014440237501880837	0.040149007053515914	0.0325807278200927	0.04014900522711019	0.03258070433045353	0.029912813685097385	0.029905412432973493	0.029912885688330167	0.029905411748822965	0.032559642920847974	0.040321115867635836	0.032559636141640126	0.040321113119951985
6.0908216573488596e-27	0.0001727708619340526	2.1995703736498266e-24	0.00017273248978011437	0.043940064340654825	0.03500377345824491	0.04394006547020308	0.035003731548196	0.031964530667919586	0.03195486461396839	0.031964622809249915	0.03195486617482092	0.03497634746302703	0.044148798056525794	0.03497634004106073	0.044148798669061434
1.544143529191255e-27	0.0002066461608160086	8.915512642167544e-26	0.00020658373284013353	0.04809073978635135	0.037550184614838715	0.0480907279985241	0.037550124523332624	0.03410530575838622	0.034092695951878	0.034105436022433044	0.034092697058042694	0.03751454296260719	0.048344040275569156	0.03751453148687713	0.04834404018787563
9.946373895603256e-28	0.00024703758024693495	5.165821284620166e-25	0.00024694737151382726	0.05262781608218011	0.040211955698414605	0.05262779624485909	0.040211867255797035	0.03632983972395341	0.036313359051469436	0.0363300135582459	0.03631336005289004	0.04016571209996733	0.05293533605529069	0.0401657030703882	0.052935344180764184
2.0022796813123468e-25	0.00029509169440959594	1.2592025392375022e-24	0.0002950897638737212	0.05757808445041364	0.04297798210248282	0.05757808658765495	0.04297797806761962	0.038632044554454396	0.03861023398660878	0.03863204816630526	0.038610235198458256	0.04291797440601678	0.05795139089814725	0.042917977126664744	0.057951399914296674
3.2073800188145026e-30	0.0003520728678853792	5.3428058618536395e-24	0.00035207206554139445	0.06296731050040208	0.04583331474007235	0.06296730938599297	0.04583331530420901	0.041004424382264267	0.040975848507828934	0.04100443013006076	0.04097585855086088	0.04575583350112829	0.0634204556950693	0.045755828565779894	0.06342045427611734
1.7727416764183646e-26	0.0004194083732712403	1.962792055377168e-24	0.00041941364126447863	0.0688199149826214	0.04875968382049678	0.06881991603648996	0.048759691099180526	0.04343945429217188	0.04340199185659757	0.0434394517457586	0.04340199535791788	0.04865995242522131	0.06936962627580007	0.048659947033922145	0.06936962401091588
2.977356279013116e-29	0.0004986595567190737	2.560180134063643e-26	0.0004986649265408655	0.0751577390254515	0.0517350197022465	0.07515774545561464	0.05173502848664435	0.04592917852987434	0.04588005268362997	0.04592917737393863	0.04588005499956124	0.05160716620916525	0.07582392961581537	0.051607164475162726	0.07582392434010092
2.1586551331963817e-25	0.0005915034863241703	3.97777574116202e-24	0.000591507248571222	0.08199890519020424	0.05473362950012076	0.08199891332710946	0.054733636203538535	0.04846563821232659	0.048401214140201765	0.04846563797809647	0.04840121152189217	0.05457047415828474	0.08280507067439	0.05457047003504784	0.08280505846464824
1.2853106356856046e-26	0.0006996910934300662	1.7536282140046002e-24	0.0006996931518769135	0.08935634684567507	0.057726524074353025	0.08935635865600991	0.05772653035765367	0.05104116713745952	0.05095668981652758	0.05104117447537107	0.05095668503691811	0.057519400031793795	0.09033011304828173	0.0575193950579214	0.09033009079300648
1.5490252401284813e-28	0.0008250197461182722	1.5156974291771465e-23	0.00082502071133433	0.09723622206553859	0.060681898657643396	0.09723622598268147	0.06068189995021331	0.05364857388503818	0.05353789735117934	0.05364857922453038	0.05353789413332284	0.0604204904899052	0.09840971449834003	0.060420488077103554	0.09840968552305754
3.481582485642466e-25	0.0009692602623338336	4.305329012298964e-29	0.0009692620600803845	0.10563595135072401	0.06356589489943151	0.10563595414562706	0.06356589639152081	0.05628129739710568	0.05613653266415187	0.05628129947767095	0.05613653528735293	0.06323812053968103	0.10704621737443004	0.06323811862741305	0.10704621500141046
1.3512114283819282e-28	0.0011340761008813392	1.194864744363837e-21	0.0011340770252511372	0.11454212399488975	0.06634363962255584	0.11454212229867672	0.0663436425265483	0.05893335686094395	0.058744485476710975	0.05893335931837139	0.05874448394237159	0.06593554886571641	0.11623141627692775	0.06593555108449461	0.11623141105633843
2.8509151709120976e-23	0.0013209105127703767	1.7683864016737175e-23	0.001320912728727191	0.12392821510055767	0.06898050736252992	0.12392821945994556	0.06898050837333244	0.0615992216930039	0.06135365846840845	0.061599223609219336	0.06135365685557216	0.06847630259116631	0.12594415400087894	0.06847630296238658	0.12594415274567128
5.785975453286096e-26	0.0015308732852534841	1.5239220012580776e-24	0.0015308761928242408	0.13375238934525413	0.07144359532465214	0.1337523920820855	0.07144359785340636	0.06427342357231525	0.06395564475349477	0.06427342591442844	0.06395564374535659	0.07082575909250581	0.13614781585964872	0.07082575616343169	0.13614781261953163
5.170883985682792e-31	0.0017645881717846792	1.0081262478023249e-26	0.0017645946317327113	0.1439553940376941	0.07370342109980542	0.14395539936943583	0.07370342468511706	0.06695006649782916	0.06654126483189218	0.06695006846126411	0.06654126385976294	0.07295296676617591	0.14678797187650153	0.07295296244935003	0.146787965127097
2.1966251374417722e-27	0.0020220464888284716	6.687397464471802e-23	0.0020220532268110476	0.15445906265005188	0.07573559883868147	0.15445906610772628	0.075735603289321	0.06962212969490823	0.06910005404865374	0.06962212803105396	0.06910005157681107	0.07483249487209431	0.15779038478838747	0.07483248948289084	0.1577903788264786
8.067858144527522e-31	0.0023024408239563777	1.1682463369092226e-28	0.0023024473136744267	0.16516549398129943	0.07752245396848809	0.1651655011209168	0.07752245740645207	0.0722806665767088	0.0716197218309542	0.07228066559357975	0.07161971924529811	0.07644624144824973	0.16905965930422523	0.0764462357090164	0.1690596525650116
2.822546942907816e-27	0.0026039892669245533	3.0854332833086227e-24	0.002603990189151183	0.17595739571684854	0.07905432650904773	0.17595739937260838	0.07905432828769446	0.0749139813320092	0.07408568992120111	0.07491398395516106	0.07408568739771486	0.07778492896691512	0.18047888804375176	0.07778492432944797	0.18047887947404978
5.2614532949294796e-30	0.0029237754659110172	2.725259451418008e-25	0.002923776480714242	0.18669969721490418	0.08033039806825851	0.18669969698859498	0.08033040082816716	0.07750681115543807	0.07648075661651996	0.07750681200288725	0.07648075613719231	0.07884913539564503	0.1919105141285146	0.0788491321987395	0.19191051132258496
7.10926756788524e-33	0.003257647889715686	1.0766980892726865e-26	0.003257648501999662	0.19724261974273843	0.08135891965388939	0.197242619829321	0.08135892191606159	0.08003966494250304	0.07878504892654581	0.08003966606165018	0.07878504948118145	0.07964967456823834	0.2031986033501688	0.07964967242624102	0.20319860238829007
1.183546363597518e-33	0.003600101634605492	1.0293809347609455e-24	0.003600101967022776	0.20742607683100409	0.08215667263432619	0.20742607670739915	0.08215667354330587	0.08248842300005718	0.0809762175294928	0.08248842410921142	0.08097621863331017	0.0802072034388028	0.21417246674298052	0.08020720030412658	0.21417246318816452
1.2379337243837753e-30	0.0039442723983967335	2.8816235337371244e-29	0.003944272663287971	0.21708508062233425	0.08274773331003415	0.2170850818804975	0.08274773453306933	0.08482429091925013	0.0830299456194377	0.08482429080636383	0.08302994695700924	0.08055103726008697	0.22465152196411187	0.0805510360580126	0.2246515208343805
1.6298000619309292e-32	0.004282010218183824	2.665847960965059e-31	0.004282011669591054	0.2260557158297913	0.08316163674331441	0.22605571784253273	0.0831616373749565	0.08701419830536385	0.08492073839431288	0.08701420023106421	0.08492073757423343	0.08071727134878368	0.23445103609708762	0.08071726992974126	0.23445103203973006
1.9010120380734234e-33	0.0046040847092456375	3.438762622852543e-31	0.0046040849454212565	0.23418111295968164	0.08343113425425212	0.2341811148595892	0.08343113537492308	0.08902170331985125	0.08662290260955069	0.08902170612523116	0.08662290260573216	0.0807463700717711	0.2433883651302361	0.0807463667582916	0.24338836223346774
3.1717034964444144e-34	0.004900510345323283	1.0062443122578417e-28	0.0049005102539806875	0.2413168726497592	0.08358980028729648	0.24131687319699588	0.08358980179732897	0.09080841710128473	0.08811161864430586	0.09080841923208113	0.08811162197877732	0.08068046217955743	0.25128934139955467	0.08068045719797211	0.2512893394111752
6.679891389068657e-33	0.0051610750423347245	3.8439237258644374e-27	0.005161074767541774	0.24733556257005374	0.08366976058321962	0.24733556395643755	0.0836697631786312	0.09233590922899029	0.08936402752963293	0.09233591249984847	0.0893640282994451	0.08056059717568187	0.2579944332875354	0.08056059252065731	0.25799443380509024
3.366558219261686e-33	0.005375959705231779	2.4504926186300157e-27	0.005375959156294554	0.2521300480141919	0.08369971078556969	0.2521300485798295	0.08369971342304217	0.09356796550393365	0.09036016734722362	0.09356796905391102	0.09036016986106798	0.08042416243767347	0.2633643862002895	0.08042415933069082	0.2633643875132833
2.8581869117230435e-34	0.005536458917796719	5.842885540311785e-29	0.005536458354700929	0.2556156775432905	0.08370336161894579	0.25561567836336946	0.0837033645306249	0.09447302125317428	0.09108376794342005	0.09447302416054608	0.09108377073631854	0.08030265253636677	0.26728525421197974	0.08030264912302171	0.26728525469147163
