1.285062838612071e-16
1.2743441958198746e-16
1.262627247779321e-16
1.2501176420400655e-16
1.2365607581485687e-16
1.2221345034702762e-16
1.2065954659209003e-16
1.1910644539666002e-16
1.1725677510337287e-16
1.1571271228722355e-16
1.1357952128185033e-16
1.1139296369764407e-16
1.0923408191767272e-16
1.0699569952148374e-16
1.0466364855690268e-16
1.0226512935190012e-16
9.982324833118018e-17
9.742438013910982e-17
9.472394319812734e-17
9.215343607857976e-17
8.958747292644056e-17
8.705182190298608e-17
8.457460844923885e-17
8.218724210849085e-17
7.992344127951115e-17
7.781824696673095e-17
7.590683523347295e-17
7.422313554739319e-17
7.279842658719543e-17
7.166005119902868e-17
7.083033383889696e-17
