3.8824179241187354e-10
3.121586152398967e-10
3.095931294801554e-10
3.6374648067241935e-10
4.1441056075117567e-10
4.4410202594010004e-10
4.837516637760555e-10
5.010929675718509e-10
5.214868129223218e-10
6.763292201618678e-10
8.001475590628103e-10
7.088711361861129e-10
6.426053449210439e-10
5.77906525281299e-10
6.017470568836015e-10
3.7122838591302047e-10
4.359957889306825e-10
2.6867911797895003e-10
1.5791687693331095e-10
8.925571409955754e-11
6.503655635229558e-11
8.016027103413277e-11
1.2693577193722034e-10
8.579387852946061e-11
1.1708946147042762e-10
8.682618116067055e-11
7.781208300649383e-11
1.312444337514546e-10
1.9560107605828672e-10
-1.5046647893733609e-15
2.540132451568537e-13
