4.670703596489107
5.035131359806891
5.424297300037654
5.8388042360586025
6.279081210968597
6.74535560692879
7.237654406042238
7.755769888691232
8.299253766732626
8.867408663667915
9.459278398696293
10.07364309191311
10.709008728171982
11.363598795057356
12.035334648154342
12.721810415247095
13.420251701028207
14.127466699393523
14.839779955757944
15.552952660926845
16.26209144995817
16.96155808439673
17.644883122798138
18.304713390637495
18.932809992435512
19.52012898674995
20.057013428422096
20.533509646484273
20.939806505209848
21.266767584475787
21.506504708709052
