0.00043594481746822566
0.0005220002113901501
0.0006422530461804854
0.0008840667330787255
0.0012200160972497542
0.0016685389659869543
0.00015702470841461036
0.00016221525015680527
0.000232731239975692
0.00011710436183420825
2.7411883365857648e-5
4.8598420562484534e-5
6.349767409119522e-5
8.545843138563214e-5
6.486375968961511e-5
0.00011479597742436454
0.00011865765372931492
4.830062607652508e-6
9.162520655081607e-6
1.700226857792586e-5
3.079995804000646e-5
5.439114465843886e-5
4.3655745685100555e-11
-1.7462298274040222e-10
1.1641532182693481e-10
2.1827872842550278e-10
-5.820766091346741e-11
0.0
-2.3283064365386963e-10
4.656612873077393e-10
-4.423782229423523e-9
