-41.530248760942406
-44.361610977550725
-47.40114365308772
-50.664086940565134
-54.16732448749515
-57.92981412592222
-61.97320449224813
-66.32234709801297
-71.00646602808365
-76.06010757891188
-81.52453626383334
-87.44946253589643
-93.89518001826004
-100.9352503213783
-108.65996906540067
-117.18091331857285
-126.6371182518192
-137.2037282287695
-149.10458137944755
-162.6311522455373
-178.1718203374807
-196.2582688875654
-217.64078619902926
-243.41414808217172
-275.2369405831606
-315.7361094397716
-369.3117945775407
-443.9031922318459
-555.3994422353546
-740.8710974802174
-1111.4990168634658
