74.21193989050822
69.40929230097422
64.42445119968437
59.23679924318455
53.82317284454657
48.15748273482338
42.21025170471381
35.94804472060116
29.3327584941203
22.320726547277445
14.86158048189327
6.896786351338231
-1.6422568375696756
-10.836717170934131
-20.783662194489125
-31.60057143427025
-43.431557895470405
-56.45611896539822
-70.90171540974143
-87.06228110492191
-105.32616234599739
-126.21951158138101
-150.47595193784485
-179.1529153474143
-213.83544394828417
-257.0148635809329
-312.84629847856877
-388.81535753229883
-499.90496668849147
-681.0958568002675
-1037.368132949481
