-3.952347940685116e-9
-3.9067041241800475e-9
-3.855869438430787e-9
-3.802518025933343e-9
-3.742825850027124e-9
-3.6766048789921773e-9
-3.601296871232078e-9
-3.521019948427187e-9
-3.4322700176775923e-9
-3.3332382489163663e-9
-3.2265468449869224e-9
-3.1084993748460923e-9
-2.9801584713385133e-9
-2.84079330409862e-9
-2.6916219458559336e-9
-2.53294500998733e-9
-2.3694671710544358e-9
-2.2021503246392674e-9
-2.035998473642835e-9
-1.8749196355937557e-9
-1.7235256469116461e-9
-1.5830060204064302e-9
-1.4561588243190826e-9
-1.3438316558191453e-9
-1.2451242365331527e-9
-1.1604304954389553e-9
-1.0894341550309422e-9
-1.0311387334027883e-9
-9.843263152086198e-10
-9.481337350801001e-10
-9.228765500646666e-10
