8.307367630617423e-13
4.243039542728305e-13
3.892584817906228e-13
3.852973039509188e-13
4.873643586544063e-13
3.7229066279443243e-13
4.896713683322186e-13
3.993455282653194e-13
7.60936355446292e-13
4.665187300654606e-13
5.317615289454011e-13
5.509462791856644e-13
4.999955417153475e-13
3.6255510757822096e-13
2.6627638295216795e-13
3.538465578542214e-13
3.2259989689683845e-13
4.2868771081942593e-13
2.3581421166372387e-13
3.0522016730459456e-13
2.366955216703376e-13
3.4834637191694967e-14
2.1617865851496454e-14
2.43419717545604e-13
2.954005800353788e-13
3.025491567972389e-14
3.282256709459483e-14
2.945226535448054e-14
1.454090481355315e-14
2.5501795216916507e-14
1.4833090970331734e-14
