141.92715037163543
131.85176358462434
121.37406285843356
110.44974083645069
99.0290913752624
87.05617244953136
74.46777212338475
61.19211788951225
47.14725173675879
32.23897066051313
16.35820325888926
-0.6223450776205937
-18.852499501453394
-38.5101801802025
-59.8086734166928
-83.00632228379004
-108.41981482166807
-136.4430073085564
-167.5743717255852
-202.45789905597007
-241.9451805486234
-287.19172761865366
-339.81103693893124
-402.1310709061657
-477.64283944424534
-571.8335031167233
-693.853030894126
-860.1817705583042
-1103.8006924035835
-1501.7035643265135
-2284.94655789963
