-7.947551429262167e-10
-7.45243243658702e-10
-6.890290829630622e-10
-6.251071798649748e-10
-5.523125690535442e-10
-4.69290393239411e-10
-3.7446589168520673e-10
-2.660095388028503e-10
-1.4179571626940781e-10
6.302679102149351e-13
1.6407037060558754e-10
3.516413335797345e-10
5.666591264629993e-10
8.123610496305783e-10
1.0914253835786074e-9
1.4052951308467816e-9
1.75345469937218e-9
2.1329588507296904e-9
2.538497394473009e-9
2.9630254840198207e-9
3.3986646689904267e-9
3.837458482959276e-9
4.271774902786054e-9
4.694355685187763e-9
5.098208242699911e-9
5.476470147638935e-9
5.822351411231885e-9
6.12918928082408e-9
6.390615658687393e-9
6.600811267658826e-9
6.754812922798409e-9
