4.694495851854805e-13
3.304703671956233e-13
2.6877710843815716e-13
3.2774453951348844e-13
3.0295986377327837e-13
2.9214473343163753e-13
3.0330019762902793e-13
2.776626590823437e-13
3.186403319092835e-13
3.918370349341794e-13
3.568751242134834e-13
3.695854237577922e-13
3.098132122779606e-13
3.5803698735694737e-13
2.175048118171287e-13
2.5183293828961607e-13
2.279124151445098e-13
1.896384250965483e-13
1.699256539194084e-13
1.681301536671187e-13
1.1423521628458366e-13
2.7802365379841914e-14
1.614865707072678e-13
2.948081482425113e-14
1.1000452895876748e-14
1.431088575723331e-14
3.017525453146519e-14
6.488737797852694e-15
5.45950893752418e-15
5.435364430173913e-14
5.170629738835924e-15
