6.517682345041316e-27	0.03524208419750736	0.9770282180751213	0.022708253743748866	0.03148718555248499	0.029887343015968928	0.9401744611155043	0.020534728892258707	0.029256150752698495	0.03068730296833513	0.9400019916618917	0.020481942796234155	0.029372388899081073	0.030678342828620343	0.9398279072067282	0.020450519514686887	0.029369182389784657	0.03069145506154767	0.9398129860550483	0.020434771711036123	0.029366589486792362	0.030700634472287037	0.9398588993899373	0.020378222092189972	0.029420369207444112	0.030597807276797014	0.9401054446567358	0.02011696730165441	0.028870344925280667	0.03296796475522122	0.9421570343710656	0.01797075227031527	0.03537175383977845	6.825391651465598e-30	0.9589558338899997	1.5870805338639352e-28
4.360425080954284e-25	0.038668039727331065	0.9743971226863912	0.025281998485760696	0.03416626708106806	0.03230819445975575	0.9341774601139406	0.022717475486552525	0.031593682269414815	0.033339372594057747	0.9338965131555099	0.022647627857125298	0.031734549083409475	0.03332918204828837	0.9336726970471068	0.022603218547228694	0.03173133987569548	0.03334950256448977	0.9336516420109995	0.022578761221160232	0.031727527358800384	0.03336219817045904	0.9337161656773545	0.02249751990030788	0.03180173542522826	0.033240410909699855	0.9340361086009372	0.02215727943653869	0.031099293053877756	0.035991734513537765	0.9365072946465779	0.019556422553547437	0.038824514729691485	2.3682551260478075e-23	0.9547298224247829	2.1917611312285238e-22
8.954941963915443e-23	0.04244210164897685	0.9713998832366343	0.028208520737653592	0.037042392679640795	0.03489296577609569	0.9275008394034031	0.025186767458210996	0.03408822429343241	0.03622126144423476	0.9270677864851917	0.025094554084102823	0.03425722743253781	0.0362107183643443	0.92677968148767	0.025031711673916473	0.03425465699383776	0.03624223143444059	0.9267499827342769	0.02499370914756603	0.03424909180323106	0.03625990022422819	0.9268405545838266	0.02487681776726933	0.03435120398354568	0.036118055375824264	0.9272560502066257	0.02443329831240766	0.033455852531078675	0.03930141145552833	0.930233887067071	0.021277900751953807	0.042631091047423395	1.444665775867456e-24	0.9500040196648741	7.923839645631675e-22
1.9781165458720498e-24	0.04659463944227814	0.9679756540040231	0.0315453703140512	0.04011659645649238	0.03764245120401479	0.9200585786627805	0.02799144913551431	0.03674122134994473	0.03935154407433873	0.9194148400534632	0.02787012970130798	0.03694146904400304	0.03934265428595829	0.919043476796054	0.027781116415365015	0.03694073472055072	0.03939152614400105	0.9190016178077981	0.027722081589709704	0.03693268299528517	0.03941632238609285	0.9191285021157211	0.027553720969318622	0.03707269245879532	0.0392547388612472	0.9196683383888398	0.026975165740467922	0.035934359351658555	0.04292316840126647	0.923257093737807	0.023143647381205334	0.04682304069316034	1.699487025512111e-21	0.9447111111971658	3.0132714320028017e-21
2.61175163082827e-21	0.05115696861001362	0.9640512278880561	0.03536158553331987	0.043385864763210776	0.04055534704007597	0.9117510471455859	0.03119179599364929	0.03955235152132849	0.042750983379831645	0.9108185821156128	0.03103292957249036	0.03978597211066283	0.0427477329391258	0.9103391827975916	0.03090673600494471	0.03978916277831549	0.04282347981626216	0.9102802734289643	0.03081512296106597	0.039777641176205414	0.042858653740048505	0.910457526973224	0.0305724933371721	0.03996877362987131	0.04268006442887513	0.9111590280883917	0.0298174381757979	0.038526100956602354	0.04688688219963377	0.9154831389716498	0.02516218913097613	0.05143308931481492	7.387599525769825e-22	0.9387724031440046	6.901835898058699e-20
6.500209306047728e-23	0.05616096626836068	0.9595380382456709	0.039740430939505196	0.04684215862302174	0.04362809971110076	0.9024621417987767	0.03486271951696208	0.042519378766935484	0.046443196306429964	0.9011378697731435	0.0346559256583026	0.04278667714417839	0.046452921109920144	0.9005179690093118	0.03447690311572021	0.04279726710374032	0.04657016989455839	0.9004352256023966	0.03433501321954828	0.042780997466903774	0.04662072527720515	0.9006818957849803	0.03398536292423471	0.04304055810675277	0.046431717543096225	0.9015932616418112	0.03299977184098707	0.04121912687507194	0.05122771130116753	0.906800601779795	0.02734213557749906	0.05649477448418466	7.71962509290516e-21	0.9320952053603487	7.055245045001962e-22
6.072578378144447e-23	0.061638605224607824	0.9543282761364332	0.04478292408013619	0.05047136230412871	0.046854858377020775	0.8920556453672329	0.03909800221998467	0.04563807398159582	0.05045551899369543	0.890204648762257	0.03883076105047371	0.04593636811753153	0.05049102013716236	0.8894016593331034	0.038576654896064974	0.045959923183292554	0.0506721209078735	0.8892857644086697	0.038357554245655054	0.04593730609283001	0.05074588591388779	0.8896273296530438	0.0378540475579932	0.04628764520023442	0.050558921005980535	0.8908104755650654	0.036567709510055585	0.04399820967502713	0.055988418632533066	0.8970758480544035	0.029692264924379607	0.06204200628811324	1.3500356150085518e-20	0.9245694990414063	8.140213156633913e-20
3.3805539670982434e-25	0.06762140986447145	0.9482902210995784	0.05061202116436009	0.05425221017760434	0.05022751798526029	0.8803712744226345	0.04401526275810484	0.04890226250832884	0.054819994614251945	0.8778188798102406	0.04367277850382113	0.049224336365987435	0.05490271588437286	0.8767769502769085	0.043312019868432555	0.0492694811646673	0.05518155427905672	0.8766152008636068	0.04297514865107722	0.04923861350391429	0.05529088809506813	0.8770851791533254	0.04225127324775568	0.04970816970422393	0.05512705070871903	0.878618998883252	0.04057338803363737	0.04684500710284757	0.06122262081254372	0.886147706483722	0.03222163229356801	0.06810854053341169	4.41245403470491e-20	0.9160639835033765	2.041575636876312e-20
7.367729524552287e-23	0.07413983920080111	0.9412626323412284	0.05737756276448518	0.05815525366217754	0.05373582648807872	0.8672203963710111	0.04976188949261539	0.05230402412860552	0.0595744108348774	0.8637433815098773	0.049326937083198616	0.05263618114951434	0.05973901968691403	0.8623895723716714	0.04881484960361343	0.0527158836461909	0.060166452139984984	0.8621648695143587	0.048299924675486446	0.052674636642703755	0.060330935079418724	0.8628064086402231	0.04726211761674865	0.05329897269925549	0.060223650824884484	0.8647901991770446	0.045076120368272674	0.049738463758345536	0.06699926154181017	0.8738212214956564	0.03493972650320181	0.07472736296498284	1.355065265310145e-18	0.9064213834025212	2.5403070348188596e-19
1.401059345108519e-21	0.08122259541971251	0.9330489919829282	0.06526114702675581	0.062142013702961366	0.05736743882568519	0.852383069972467	0.05652065813110621	0.055834198029663905	0.06476300575862236	0.8477009919270566	0.05597319686730386	0.05615391102309689	0.06506359576541404	0.8459410352819527	0.05524690848175931	0.05628709284415821	0.06571482662005831	0.8456308366444462	0.05446589146755218	0.056233269895565124	0.0659652738757032	0.8464979660281857	0.05298434981025581	0.057055951760181564	0.06596521539966084	0.8490544492377075	0.0501423768117607	0.05265547732897892	0.07340788191097143	0.8598623279779105	0.0378565686570962	0.08192996815882139	1.9609568465628923e-19	0.8954541281899079	3.897204037530849e-19
2.2435083215848816e-24	0.08889583779664936	0.923413067456819	0.07447944464830789	0.06616455253897056	0.061107717759743246	0.835608839045004	0.06451285040058861	0.05948339365938426	0.0704362215409008	0.8293777025167545	0.06382882550736463	0.059756624823270967	0.07095402004333462	0.827092156435536	0.06280072853986363	0.05997005070930548	0.07193800198236172	0.8266676398746404	0.0616280783268461	0.05990159687414575	0.07232212282138094	0.8278254656959761	0.05952635200639224	0.060974655652863766	0.0725036221623785	0.831102028464352	0.055844473024828326	0.05557183129748701	0.08056403995272743	0.8439955604611471	0.0409826313600189	0.08974548439339781	3.4599170765523446e-20	0.8829416556118492	2.433125613011076e-24
1.2399359111796665e-22	0.09718223160774862	0.9120792428247394	0.08528257941295737	0.07016586567588136	0.06493895213595549	0.8166259664707546	0.07399477577058587	0.06324384316453938	0.07664832144229801	0.8084378789530521	0.07314307562535986	0.06342218653720183	0.07749989910719143	0.8054804527661442	0.07169298166021969	0.06375246131532579	0.07896999709307283	0.8049066482162609	0.06995530867423214	0.06366761868882835	0.07955964853795129	0.8064295574558326	0.06700039072012381	0.06505120101706545	0.08002890714209479	0.8105955480163898	0.06225686830139223	0.05846333899982452	0.08861247098075199	0.8259101484849212	0.04432830564656109	0.0981995450611621	2.604296456098928e-19	0.8686330448506184	2.9306532780943542e-18
2.103272084851729e-22	0.10609966810841592	0.8987442623323615	0.09794124763964338	0.07408176124473147	0.06883853080621927	0.7951674568433131	0.08523913477921002	0.06711260886391447	0.08345088821874977	0.7845628515816215	0.08417500927183191	0.06713046880899437	0.08479417264088109	0.7807640929643926	0.08214210250789676	0.06762578038787927	0.08695764149415895	0.7800021978260264	0.07961022234511705	0.06752295187259978	0.08785664362712871	0.781968765621278	0.07550715350596106	0.06928357956571442	0.0887618402932246	0.7872053025255044	0.06944801083653526	0.06130708789764855	0.09772307304217114	0.8052839297780275	0.04790238890219028	0.10731269067714094	3.700165482590301e-21	0.8522613484229117	1.2021882551975027e-19
3.3191164396564803e-21	0.11565936578112863	0.8831094854984085	0.11271416677639627	0.07784503935804174	0.07277573963718484	0.7710227155736644	0.09849161613218876	0.07109647829654508	0.09087999618392092	0.7575231907595344	0.09714481119453282	0.0708685488845395	0.09291311018118394	0.7527039188548929	0.0943217927358312	0.0715895838830391	0.09603443349525467	0.7517178295761052	0.09071038914112761	0.07146654729608205	0.09738424388432779	0.7542014383174358	0.08510774339002833	0.07367330282300558	0.09892698975814365	0.7606797623637579	0.07746578649481514	0.06408257665537093	0.10807230540768648	0.7818363996540184	0.05170896849659489	0.11709797606478384	6.807990303524543e-20	0.8335781907219494	1.5779952476186832e-17
7.104019365725934e-22	0.12586294794691222	0.8649427346615611	0.12978795078914085	0.08139264938277403	0.07670741069775028	0.7441205036891981	0.11389432702411718	0.07521830441835524	0.09893576979644292	0.727289757755695	0.11215130876402915	0.0746374836646316	0.10188169570939401	0.7212883980581073	0.10828513600863447	0.07565680353564991	0.10627226975748756	0.7200573966374194	0.103267283551942	0.07550893821250472	0.10825061090780387	0.7231125946400162	0.09578169507976159	0.07822701504344098	0.11069679142253813	0.7309582822131853	0.08631563179521483	0.06677248475169506	0.11980179917150145	0.7554196981953452	0.05574217902018446	0.1275573865523638	1.0670081274308569e-20	0.8124162120510124	3.902128290937062e-18
7.886551138470293e-21	0.1366981938114842	0.8441677378971802	0.14919262562841987	0.08467537515182995	0.08057411835275718	0.714630445336495	0.13138437616638274	0.0795228208895801	0.10755776978187837	0.6941618396687165	0.1290682087415503	0.07845853969879484	0.11162950959534826	0.6868747556873722	0.12387294011043214	0.07985786204514572	0.1176166011329193	0.6854123938242024	0.11711516056196222	0.07967547053040049	0.12042312446626433	0.6890596597977899	0.10737975167962543	0.08295719251696525	0.12410871640019584	0.6983061599872975	0.09593533776243322	0.06936284993198269	0.1329537107217162	0.7261366973112738	0.05997944746368366	0.13867688965648023	1.3269182342052101e-20	0.7887752423270531	4.1160466364120446e-25
3.3885855647024195e-19	0.14813369100742563	0.8209551420430855	0.17071890747944943	0.08766742579369946	0.08430021888549609	0.6830415867793012	0.15060450794693872	0.0840781648298812	0.11660663084135842	0.6588543146289396	0.14746159066332973	0.08237480351517724	0.12195535489854405	0.6502787434996836	0.1406472310765976	0.0842402371521191	0.12982990098050742	0.6486535307038975	0.13186326509121793	0.08400592341270618	0.13365575734884094	0.65286807902965	0.11959451121785934	0.08788057033121174	0.13898119771250397	0.6634128203289262	0.10617783948587069	0.07184266388894084	0.1474004359792156	0.6944422789443798	0.06437584809675707	0.15042060513327432	1.8605066602521732e-19	0.7629048056912918	7.208227502852044e-19
1.4893273886463873e-23	0.16011345271002356	0.7957671895412752	0.19388294953559376	0.09037153138491656	0.08780116760172428	0.6501601647479325	0.1708840609118907	0.08896898259193026	0.12586731387251515	0.6224681774987215	0.16659060781806728	0.0864443103284454	0.13252942245611568	0.6127269395851775	0.15790610519767567	0.08886044347704475	0.1424852167693725	0.6110746667867624	0.1469155742161552	0.08854837490585274	0.1474712710512035	0.6157854875779833	0.13197845269585332	0.09301333588941325	0.15487863095260096	0.6273696420353704	0.11681704727550458	0.0742033213609763	0.16280708396985036	0.6611576789022705	0.0688637391182977	0.16272552109399827	4.73644554736441e-20	0.735334300557901	4.922089621886844e-19
5.428872216838516e-23	0.17255322807321785	0.769311510208808	0.2179787241407022	0.0928157549205268	0.09099797614267052	0.6169916555147615	0.19133353739991416	0.0942804345122154	0.13508155140645942	0.5863088787939927	0.1855297179991665	0.09072475469793262	0.142948970149828	0.5756371276886778	0.17480993825025667	0.0937690049699943	0.1550361582254116	0.5741545772640771	0.16157927671248484	0.09334780561497434	0.1612335712654948	0.5792569047011852	0.14402254253178082	0.09836359173417775	0.1711663368810013	0.5914865981455573	0.12758438109736928	0.07643850562437507	0.1786621410553006	0.6273529688915082	0.0733606186950222	0.17549852814022315	6.76430154151356e-23	0.7068137158786129	1.8704129961321814e-19
3.100066174314104e-24	0.18533959867405048	0.7424144637077468	0.24220462297675538	0.0950430996288284	0.0938334582821301	0.5845498078129268	0.21102289824976694	0.10007810933995845	0.14399877660115895	0.5516212632420763	0.20336860602281823	0.09525597452962432	0.1528298216926286	0.5403125851690518	0.1905711740417771	0.09899419974070071	0.1669423731956738	0.5392292770501608	0.17522020821006884	0.09843372354194733	0.1742914454585385	0.5446059704884924	0.1552655360454456	0.10392372252433506	0.18714504248954944	0.5570130870121501	0.13822190376277627	0.07854490971276033	0.19437516822975673	0.5941333591545904	0.0777826894799899	0.188616693125609	3.93323497590671e-20	0.6781784780609146	5.103281868025298e-19
2.640454276388608e-26	0.19833170842237408	0.71587414912774	0.26580501119508104	0.09709905625651996	0.09628262353874112	0.5536828430145123	0.2291604255424787	0.10639102986333428	0.1524201797965761	0.5193676470395144	0.21939409601498872	0.10004778958240666	0.16188719408539812	0.5077003123206896	0.20461527035583466	0.10453124265359837	0.17778634350924252	0.5072375171172472	0.18738945317781827	0.10381147532885818	0.18612115854509742	0.5127809673593512	0.16538159364985155	0.1096654106014007	0.20219725450278175	0.5249015914599712	0.1485256629244109	0.08052334380460306	0.20939389026744465	0.5624345760006657	0.0820575554062013	0.2019300693607224	6.794911519045889e-22	0.6502044547442796	3.5436425666852717e-22
