108.069629823565
100.63064598318563
92.89941964628011
84.84349096267029
76.42642728734582
67.60721426124299
58.33950672849484
48.570697279345495
38.24074729777236
27.280708609164968
15.610841450966872
3.1382034718330223
-10.246460528499028
-24.67276793249198
-40.2960388790882
-57.304466557123305
-75.92896372579162
-96.45703172275034
-119.25279814582609
-144.7866659946253
-173.68021892832644
-206.77600597277183
-245.24944398633681
-290.79541726906484
-345.95484906945387
-414.7212710210895
-503.7542242991517
-625.0492540119243
-802.6136166982566
-1092.494128591269
-1662.888775876849
