-0.0002964401228382485
-0.00026844935564440675
-0.00024052605840552133
-0.0002133267398676253
-0.00018664155231817858
-0.0001603508144398802
-0.00013459800720738713
-0.00010925125434368965
-8.38838654999563e-5
-5.849647061495489e-5
-3.237899153418766e-5
-5.480315140360403e-6
2.280270756216396e-5
5.296047038427787e-5
8.550719007871521e-5
0.00012135668657720089
0.00016016847166611115
0.00020279503223719075
0.00024859602490323596
0.0002975032875838224
0.00034843513276427984
0.0004003263311460614
0.0004523642855929211
0.0005032202607253566
0.0005516646488104016
0.0005967718898318708
0.000637717719655484
0.0006733313202857971
0.0007043291116133332
0.0012932831887155771
0.0029765344224870205
