2.2196020391730626e-9
2.165428651326027e-9
2.1072918126930028e-9
2.0451820446129896e-9
1.9791760293443544e-9
1.909456304216436e-9
1.8363329479389487e-9
1.7602637651766992e-9
1.6818705419522708e-9
1.6019509146254072e-9
1.521477683207157e-9
1.4415804515975164e-9
1.3634995277076435e-9
1.2885145053396698e-9
1.2178284255830294e-9
1.152434528243289e-9
1.0929691987263718e-9
1.039594485192473e-9
9.919498924067935e-10
9.491984761063269e-10
9.101723928699924e-10
8.735863275552796e-10
8.382625178069093e-10
8.033307140073017e-10
7.683632322816254e-10
7.33442378281019e-10
6.991555896254192e-10
6.665301938912141e-10
6.369099682304261e-10
6.117848277981393e-10
5.925989724165152e-10
