5.356726496533125e-10
5.609926641204835e-10
5.910471046411455e-10
6.246795209223944e-10
6.617712955979378e-10
7.020350793871813e-10
7.489408580774902e-10
8.005171787615182e-10
8.575305033099429e-10
9.245481454815755e-10
9.947577787064076e-10
1.074760649887695e-9
1.162516931738302e-9
1.2616248995735646e-9
1.3678186672078061e-9
1.4828518790869886e-9
1.6049364411915887e-9
1.7312883726774026e-9
1.8595437462750942e-9
1.9874091833865282e-9
2.110479788878614e-9
2.228473410167283e-9
2.337311965591251e-9
2.4369480815307805e-9
2.525173232486727e-9
2.602795819169481e-9
2.6691509644980714e-9
2.7258240121225677e-9
2.7714316806170485e-9
2.806587800878151e-9
2.8317109068775856e-9
