1.4274710349065797e-12
7.712711208843199e-13
7.97982282076437e-13
7.726023039159212e-13
6.782231668069806e-13
8.777783276383753e-13
1.0748849761393169e-12
8.757139639500086e-13
8.591268320376548e-13
8.472519969771072e-13
9.415310067343697e-13
8.730573639593966e-13
8.421683683804624e-13
8.316617332443771e-13
7.881087320241063e-13
7.311662298397199e-13
6.940502433622687e-13
6.444709673253457e-13
5.825026165617778e-13
4.070321350050572e-13
2.558369855878344e-13
1.8009002362994978e-13
6.962072690754164e-14
5.790160803364086e-14
9.105050233328498e-14
1.0849880718092234e-13
1.4848879000624862e-13
8.352397434273405e-14
5.162189014755701e-14
6.984989237359777e-14
5.913821960210851e-14
