91.1409024028352
85.0201363249909
78.66217191415775
72.04047681065231
65.12525995811475
57.882976573403184
50.2757206903982
42.2604712104976
33.78814666533574
24.802409757872812
15.238143564499403
5.0194944854249
-5.942661866193248
-17.754034577641733
-30.541306225621156
-44.45803956703526
-59.6927845946218
-76.48045690202957
-95.11869245236599
-115.99193856449301
-139.60785806218578
-166.6539045387725
-198.08816180576935
-235.29104040700076
-280.33102595482285
-336.4584997349421
-409.0937008904654
-508.0005885752185
-652.7217952763931
-888.8835618883762
-1353.4149330000175
