1.0783801626039059e-12
5.156187647296002e-13
5.821428342266849e-13
5.105976896581623e-13
5.260615469449357e-13
5.220875502396102e-13
5.879530291473103e-13
7.312401954436986e-13
7.451579082376221e-13
7.348219836951848e-13
7.097382503532725e-13
7.619170731063377e-13
6.753189963462603e-13
6.19609304313606e-13
6.159916257754964e-13
7.045269088081983e-13
5.654362332590801e-13
4.3284048886590337e-13
3.8645628457421994e-13
3.731539142188143e-13
2.97062637353348e-13
2.770430994050801e-13
2.4209694001570014e-13
4.3699833730798185e-14
8.109247582353681e-14
3.585596425413938e-13
5.765408838237409e-14
4.209945454476915e-14
3.1535821465544874e-14
3.6186856426445514e-14
3.5142558112203046e-14
