1.9896362089979055e-9
1.9929407694451585e-9
1.9976690707902383e-9
2.0006771770151188e-9
2.004206036909726e-9
2.007625466610033e-9
2.0132385582242084e-9
2.019099122934499e-9
2.0240241175064892e-9
2.0284126852211404e-9
2.0343550604510466e-9
2.039628548522311e-9
2.044434766565335e-9
2.048672428781652e-9
2.0523642282817045e-9
2.054684772733094e-9
2.0557459616727646e-9
2.055632770262763e-9
2.0522323997891124e-9
2.0468197156675036e-9
2.039484191247066e-9
2.0300476862282106e-9
2.0180573725790805e-9
2.00535863730422e-9
1.99138812155817e-9
1.9780717070689516e-9
1.964809403257778e-9
1.95323343538585e-9
1.942686363941569e-9
1.9349856166654522e-9
1.928549556066911e-9
