8.137087607068902e-26	0.0002564590485698813	0.02295651281022185	0.00026325104611051123	0.03536629324576377	0.016991459201369376	0.018972786629790496	0.03147731560268481	0.028884386045131986	0.01887119700607183	0.01886274149684355	0.02931179628552479	0.029318046753040845	0.018989580676139504	0.016987435007453047	0.0289105232302977	0.03147945360814473	0.022956520654218982	0.00024825488308633984	0.03549823649693548
2.2931330227125377e-22	0.00031103441962752925	0.025578401492890125	0.000320396101754336	0.03881729139780182	0.018397139848636467	0.020779706801171575	0.034153761622591414	0.031116842968390804	0.02064773318896619	0.020635495108240975	0.031669206444291165	0.03167821442011403	0.02080114005398921	0.018391751018020302	0.031151132346203984	0.03415579073211584	0.025578411447550787	0.00030892084598298263	0.038978682779132016
7.369423232760999e-21	0.0003777914567841181	0.02856073763347318	0.0003907522522871546	0.04262154720498511	0.01990609820871403	0.02277186255588889	0.0370267253634058	0.03347746402942905	0.022600400952247097	0.022582665233947107	0.03419048303975854	0.0342034819756875	0.022799143809811875	0.019898895464741717	0.03352245106225822	0.03702825530717598	0.028560754133324005	0.00038590009910373846	0.04281941456986053
2.1560248462821202e-21	0.00045948175782108017	0.031960845164403284	0.00047749754253451895	0.04681045649938406	0.021521486450314396	0.024967902627448826	0.040097296075802945	0.03596045363014076	0.024745262552860043	0.024719520875907005	0.03687923812992092	0.03689801046269961	0.025002512010941186	0.021511892392906767	0.036019448360086276	0.04009764852374098	0.031960857892807885	0.0004838982500013512	0.04705357066658219
7.908199657391963e-21	0.0005594622541085684	0.03584614376731658	0.0005845917427895787	0.051416544090682526	0.023245855916209018	0.027388084396224446	0.04336268864203834	0.038556784019032606	0.027099324228759644	0.02706195533839631	0.03973788000048491	0.03976500009716023	0.027431794427923175	0.02323315088062718	0.03863406702739892	0.043360731163395616	0.035846158761813116	0.0006090323330115514	0.05171585583594846
2.0813657480305882e-21	0.0006818199324223994	0.04029591730729045	0.0007169709230653756	0.0564730996646848	0.02508117923007693	0.030054192543637	0.046815411991689905	0.041253896242163635	0.02968043297161894	0.029626185417938503	0.042767554313967414	0.042806725983361535	0.030109100049487525	0.02506450059576034	0.04135496951974407	0.04680931161608623	0.04029592763460203	0.0007692456149623985	0.056842284634132344
9.614160945268263e-22	0.0008315193676443203	0.045403035403969776	0.0008807855911646135	0.06201372649770104	0.027028926394233793	0.0329893445737979	0.05044246612248922	0.04403551139440683	0.03250701499288198	0.03242833654017613	0.04596812766890613	0.046024661994776124	0.03305786269515863	0.027007311355701086	0.04416739496655025	0.05042932043782875	0.04540305504597791	0.0009748272800760416	0.06246986310104826
6.63624315997185e-21	0.0010145760336483973	0.05127564707894555	0.001083691411714962	0.06807179647362294	0.02909023063873514	0.03621754998729937	0.0542246432455253	0.04688158921047397	0.035597730772600575	0.03548380194885321	0.04933821258524588	0.04941969699293553	0.03630236445500276	0.029062719296107157	0.047053165351026736	0.05419994318836955	0.0512756667281448	0.00123904175575496	0.06863620934205202
5.6475077535467695e-22	0.001238257964165318	0.058038263495245025	0.001335190747568668	0.07467980274606574	0.03126611399515693	0.03976285057669915	0.05813606381562568	0.049768472203503965	0.03897086636866028	0.03880630563794032	0.05287524373698701	0.05299246170648825	0.03986682831258647	0.0312319968865663	0.04999087264429314	0.058092910399282	0.058038284974417174	0.0015788616264547472	0.07537910900317758
1.4030652706663566e-23	0.0015113142458731816	0.06583170131771839	0.0016470156335334893	0.08186859128036006	0.03355777600746591	0.04364788393114833	0.0621441031398074	0.052669247960437725	0.04264344524637474	0.04240659557062187	0.05657559441615384	0.05674377368933863	0.04377385215789061	0.03351706187899907	0.05295626885382429	0.062072090152733815	0.06583171766666716	0.0020157511621419436	0.08273599218215034
2.5448956723948887e-22	0.0018442249044924247	0.07481088308500317	0.0020335197763768497	0.08966642971263308	0.035966892974213294	0.047891691881340154	0.06620991653407221	0.05555434900656501	0.046630040474556725	0.04629074179415001	0.060434710271937316	0.060675187937710554	0.04804214168241749	0.035921133167341836	0.055922874968462606	0.06609354657823471	0.0748109018145941	0.0025764085341429244	0.09074330285481212
8.522160405231385e-22	0.002249452186703762	0.08513919077412559	0.002512011776473334	0.0980978485060351	0.03849585773325201	0.052506584606961705	0.07028979291974742	0.058392413140504563	0.05094116710501147	0.05045804430041725	0.06444731180200075	0.06478969659076343	0.05268311116812004	0.038449511056652286	0.05886279712941233	0.07010628997033569	0.08513921589077487	0.003293260650897063	0.09943568758977224
8.177670604566971e-23	0.0027416558073597402	0.09697779475469462	0.003102908617804641	0.10718214000336773	0.04114784180702308	0.057494016115098995	0.07433756672662196	0.061151407682064535	0.05558139578404084	0.05489868961797485	0.0686076701344423	0.06909253555118207	0.05769657162201366	0.041110392032370484	0.06174774312241738	0.07405391545403758	0.09697782050188734	0.004204411893847483	0.10884489012976617
2.0603548670681258e-22	0.00333780348557393	0.11046864163656155	0.003829530198935967	0.11693136320740864	0.04392654220523023	0.06283978093081294	0.07830821836561254	0.06380003504715087	0.06054729875299288	0.05959153580560622	0.0729099998451904	0.07359208492519516	0.06306562767387608	0.04391556690021137	0.06455020171068332	0.07787729513347434	0.11046867451949229	0.005352627208781072	0.11899816738268898
5.0492443258447353e-23	0.004057075442939253	0.12571095422425563	0.004717322779000896	0.12734767343324976	0.046835474363409055	0.068509273082931	0.08216256287146552	0.06630942540390371	0.06582564942117375	0.0645025990946197	0.07734899902574954	0.07830072341576681	0.06875165622331197	0.04688075586756539	0.06724474760514414	0.08151832144821906	0.12571099709183034	0.006782905672395764	0.1299159870001365
6.2792965182822846e-24	0.004920429707213722	0.1427328943451094	0.00579230401903387	0.13841982202118255	0.049876721132344246	0.07444407629099926	0.08587256175278014	0.06865512290146442	0.07139226865334353	0.06958497782295227	0.08192046237845865	0.08323536477579488	0.07469068480920564	0.05002522425068466	0.06980942212443932	0.08492443313288071	0.1427329375679406	0.008538336657368042	0.1416087456231441
3.0246555899481358e-24	0.0059497004018689275	0.1614637356039918	0.007078683026591114	0.15011879192992605	0.05304920532096619	0.08056167207354645	0.08942626661432769	0.07081931522800841	0.07721213449387547	0.0747809297717115	0.0866217041950305	0.08841718132953627	0.08079312926775847	0.05337033322220643	0.07222711419222878	0.08805326006306431	0.16146378571011916	0.01065439978144866	0.15407231195811968
1.5727380476742005e-23	0.007166140070789115	0.18171414651640425	0.008595842647592037	0.16239277502191113	0.05634674937461848	0.08675963873767793	0.09283102679654907	0.07279316485117583	0.08324084870161129	0.08002624603181703	0.09145137062216585	0.09386991721385657	0.08694830486894692	0.056936761673180576	0.07448682193675575	0.0908764595460634	0.18171419463310126	0.01315248556147812	0.16728239466460315
4.658588926882349e-23	0.008588428227290373	0.2031731679612974	0.01035519657285658	0.17516203550420598	0.059756379773753796	0.09292469192326756	0.09611353758905736	0.07457891101011234	0.08942722926060367	0.08525623088587955	0.09640805988895249	0.09961618555052032	0.09303429170598745	0.0607404735727766	0.07658461907334632	0.09338170757068215	0.20317321582098394	0.016034153381377977	0.18118806503614254
1.5535733560514973e-24	0.010230270562107789	0.22542643672784524	0.012357577740999371	0.1883145469991971	0.0632573292766424	0.09894494186010522	0.099315890487082	0.07619124027537652	0.09571597388028008	0.09041164744174336	0.10148733935563005	0.10567155632999828	0.0989313784153565	0.06478786672248374	0.07852408092736964	0.09557226711974823	0.2254264839972324	0.0192777539343873	0.19570514235529973
1.1290979163857917e-27	0.012097791114122586	0.2479931523636551	0.014591674378376721	0.2017034996183376	0.06682096789182886	0.10472206265085164	0.10248784657916507	0.07765727437654864	0.10204917903294687	0.09544263486144554	0.10667722522048763	0.11203684072870622	0.10453568764941316	0.06907086786829257	0.08031591176262134	0.09746425768500425	0.24799319620120533	0.022838464992032664	0.21071045716294498
2.6244785163942674e-27	0.01418690164654486	0.27037217218069004	0.017033591354424463	0.2151477453029268	0.0704114836325361	0.11017974941787	0.10567663290714448	0.0790145591195614	0.10836586253293028	0.10030924612312495	0.1119528295759254	0.11868966763067301	0.10976901278527514	0.07356279086452083	0.08197655347244795	0.09908249810805059	0.2703722125754442	0.02665151363779373	0.22603810017444392
7.663880845491292e-30	0.01648076936534797	0.29208482608003905	0.01964713606101012	0.2284359465140957	0.07398681939113995	0.11526621426265901	0.10891616200976054	0.08030667032803691	0.11459962313564408	0.10497860638291422	0.11727139980870452	0.12557686545667845	0.11458227984949992	0.07821556418136064	0.08352568214166142	0.10045609811828496	0.2920848619081733	0.030637161440169865	0.24147861953677374
9.770119599228025e-32	0.018947482069212138	0.31270510598274326	0.022384233774540966	0.24133465289161093	0.07749936073872712	0.11995081129544544	0.1122175346187155	0.08157650489309554	0.12067557306106577	0.10942000458652444	0.12256909097810112	0.13260919068176275	0.11895248921607265	0.08295864616702	0.08498269797138322	0.10161474253173478	0.3127051369246421	0.034705617885262996	0.25678179263476764
9.639892216648439e-28	0.02153810356286471	0.3318742292779728	0.02518509905656538	0.25359981415846433	0.08089618242425428	0.1242168560399417	0.1155622805011507	0.08285795764119562	0.12650813431646066	0.11359981476721065	0.1277604813276614	0.1396596577774004	0.12287510515220304	0.08769975585485158	0.08636257726744537	0.10258610622926265	0.33187425489600036	0.03876057417828713	0.2716631546728857
2.9360115806876e-33	0.024185525235935607	0.34930219331863877	0.02797829020698866	0.26499044636399177	0.08411910105169115	0.12805345685495037	0.1188993620796594	0.08416738503849963	0.13200101926833469	0.11747787200229702	0.13274124020638325	0.1465662527030278	0.12635479135369637	0.09232750958993435	0.08767174315653134	0.10339439171301759	0.3493022136246226	0.042701114582165065	0.2858139947469782
4.3130491536553075e-33	0.026804757007168733	0.3647614863330354	0.030681270274018825	0.27528249003344324	0.08710509791011022	0.13144876406669712	0.12214658152010723	0.0854968117634516	0.1370499379197744	0.12100618343200199	0.13739369318894387	0.15313922600804702	0.12939711145944366	0.09671603799982924	0.08890483989616839	0.10405976683788591	0.3647615016223922	0.04642273616914357	0.29891410230323007
2.3745830607736538e-33	0.029295412574546837	0.37807772626342195	0.033202328109165416	0.28428059058744715	0.08978770343667539	0.13438602921766896	0.12519654463821192	0.08681094887731783	0.1415476895441814	0.12413009083438512	0.1415944668076923	0.15917246565776733	0.13200288790296316	0.10073151606058642	0.09004334044192859	0.1045984390306735	0.3780777370735766	0.04981868842089772	0.3106462378164942
1.572118735670474e-30	0.03154697911127534	0.38912022473783886	0.03544454804070012	0.2918258167127955	0.09209967359689925	0.1368428011446881	0.12792662968212865	0.08804953171520842	0.14539063533732688	0.1267914600982707	0.14522304342185988	0.16445771738740528	0.13416586250639526	0.10424022547890208	0.0910566794555443	0.1050231119252715	0.3891202317363743	0.05278273090685179	0.3207111556180259
7.519258889582447e-31	0.03344695300837564	0.3977937384471349	0.03731198899031124	0.29779824623320306	0.0939768636115782	0.13879277047780259	0.1302116209135802	0.08913527430653004	0.14848529412230566	0.1289331812807329	0.14816999127724387	0.16879985608464232	0.1358734190230511	0.10711739541630956	0.09190607820724164	0.10534357522536855	0.39779374549822344	0.05521383471686384	0.328842024067008
1.786974882741717e-29	0.03489116120324849	0.404031664314026	0.03871753049135224	0.30211466392661424	0.09536280075415324	0.14020930116591296	0.13193711184704315	0.08998622800356267	0.15075397774866514	0.13050416201458445	0.15034387503498828	0.17203126221546167	0.13710951363138763	0.10925582744871558	0.09255054146138908	0.10556720744734917	0.4040316713987319	0.05702257242379923	0.33481724120216727
