4.599652868833385e-9
4.552104227320809e-9
4.500182976310349e-9
4.4435671153559175e-9
4.381927580090585e-9
4.314921828291577e-9
4.242198125124183e-9
4.163384865909991e-9
4.078090089921153e-9
3.985897412043051e-9
3.886374812205762e-9
3.779096612684803e-9
3.6637080295821684e-9
3.5400282462062177e-9
3.40821912740884e-9
3.2689838632476855e-9
3.1237363245078274e-9
2.97464490288798e-9
2.824481101373916e-9
2.6762785044177997e-9
2.5329282620559466e-9
2.396859907579491e-9
2.2698916600029136e-9
2.1532528826718312e-9
2.0477058933534723e-9
1.953705309833464e-9
1.871535718118349e-9
1.8014201953983221e-9
1.7435753185517421e-9
1.698235396204559e-9
1.6656346966311417e-9
