2.6988141669657267e-13
1.525243016370899e-13
1.2206946120605692e-13
1.2850102617903473e-13
1.3613399235468901e-13
1.955487835730658e-13
1.3451463300539618e-13
1.5849993341130618e-13
1.685399577514401e-13
1.3434000105080916e-13
1.2836052517732878e-13
1.0984714725737412e-13
1.2222386471548283e-13
4.200507676515826e-14
7.100234271349055e-14
4.323746179848057e-14
4.34605122545058e-14
2.6354831418012838e-14
3.858194765211512e-14
5.1236432185368526e-14
1.0462589236589153e-14
-1.8159600099672863e-16
2.988273784409446e-14
3.980343415723996e-14
3.0460792069610096e-14
3.805775576958287e-15
1.1167294789140421e-13
1.3128956120714777e-13
1.788312222601237e-13
-4.4016897230938266e-16
-4.918701337234891e-16
