-0.0006763110905012581
-0.0006077132875361713
-0.0005409245977716637
-0.0004759515027217276
-0.0004130090810576803
-0.00035208090685046045
-0.0002934281271791406
-0.00023688088936069107
-0.00018276625098678778
-0.00013105398676316327
-8.201438390642579e-5
-3.556302480234308e-5
8.094094080313141e-6
4.8965215341922885e-5
8.696294321453024e-5
0.0001218123996977738
0.00015373543305940984
0.00018258415093441727
0.0002083201643472421
0.00023079470338416286
0.00025022805675689597
0.0002666121454240056
0.0002799867797875777
0.0002906010049628094
0.0002985749888466671
0.0003042081225430593
0.00030788694857619703
0.0003099486930295825
0.0003109747194685042
0.0005528019391931593
0.001242717495188117
