-0.00012620621237147134
-0.00011393324894015677
-0.00010119490252691321
-8.871070895111188e-5
-7.66301100156852e-5
-6.48477507638745e-5
-5.334386332833674e-5
-4.2127736833208473e-5
-3.1247618835550384e-5
-2.0443344624254678e-5
-1.002943713501736e-5
7.963076991135409e-7
1.1454086802586971e-5
2.2599850694859924e-5
3.3883714877447346e-5
4.5372293243417516e-5
5.703846181859262e-5
6.882674460939597e-5
8.047870142036118e-5
9.170401972369291e-5
0.00010230304178548977
0.0001119749722420238
0.0001205628941534087
0.00012798186799045652
0.00013436426525004208
0.00013974701869301498
0.0001439410843886435
0.00014802755322307348
0.00015251361764967442
0.0002731333952397108
0.0006170365959405899
