0.0003428558884479571
0.00028590721922228113
0.0002338593840249814
0.00018526713938626926
0.00014039732377568725
0.00010032044519903138
6.544654661411187e-5
3.668646331789205e-5
1.4830824966338696e-5
1.2713630894722883e-6
-3.3925650768651394e-6
2.6709364847610217e-6
2.056814940942786e-5
5.208962534197781e-5
9.871282327367226e-5
0.00016147249152709264
0.00024162385852832813
0.0003393842598597985
0.00045384866825770587
0.0005832655078847893
0.0007255031086970121
0.0008774711313890293
0.0010357874125475064
0.0011969215120188892
0.0013569507282227278
0.0015116171562112868
0.001657542074099183
0.001790810958482325
0.0019085677340626717
0.0035578617826104164
0.008280035108327866
