124.99838997365985
116.24120411593533
107.1367396167152
97.64661252841547
87.72775285026819
77.3316813509191
66.40361777080723
54.88136941622952
42.693933801942876
29.759729295042916
15.984341980946738
1.257642315564226
-14.549924726621839
-31.592149658791413
-50.05337199176256
-70.15692468718362
-92.17671901691028
-116.45360084692038
-143.4190812626082
-173.63057342570266
-207.82483247379764
-247.00096457932895
-292.55339533453093
-346.4934277440509
-411.8368717583147
-493.3239764437151
-598.8596216942723
-742.6823915807561
-953.2881673781004
-1297.201842900622
-1974.0645823293492
