-6.964859341888612e-10
-6.413744727274333e-10
-5.798597820534264e-10
-5.150617855759685e-10
-4.4243202925169994e-10
-3.622505852821441e-10
-2.7590265011548043e-10
-1.8216723627100969e-10
-7.9956970771216e-11
3.029799513035454e-11
1.4900063095248707e-10
2.7618527936519815e-10
4.105599960740793e-10
5.539583159373486e-10
7.028138523935384e-10
8.559632025028846e-10
1.0120697400171703e-9
1.166368500635498e-9
1.3147602542502111e-9
1.4560095809533782e-9
1.5872369607400397e-9
1.7058292911718161e-9
1.812159948123834e-9
1.9065519421098864e-9
1.987885285901279e-9
2.0567694048000897e-9
2.115927789471672e-9
2.164567952344607e-9
2.2028294715710545e-9
2.2326346640259365e-9
2.2531020355650823e-9
