-0.001077395745596732
-0.0009689067528597661
-0.0008625630143797025
-0.0007590582717966754
-0.0006582991736650001
-0.0005602906417152553
-0.00046542234895241563
-0.0003733909063612373
-0.0002843284701157245
-0.0001983679217119061
-0.00011549344080208357
-3.558821887494901e-5
4.135312646980083e-5
0.0001155195561182154
0.00018696040592658392
0.0002559022300374636
0.00032247060516965576
0.0003866488614221453
0.0004486321467993548
0.0005082544666947797
0.0005653663683915511
0.0006196488393470645
0.0006708897781209089
0.0007184803907875903
0.0007620300602866337
0.0008010545279830694
0.0008354419842362404
0.0008649956726003438
0.0008897758089005947
0.0016148948343470693
0.0036861388944089413
