1.8979740446953097e-25	0.00025640918151734437	0.022971781924878667	0.0002635281811298062	0.03536653398325509	0.016990603615950076	0.01903002733471988	0.03147991034350446	0.02888110023971987	0.018853931762568717	0.01914268766735755	0.029266270480428944	0.029429868742778958	0.019075911542564657	0.019130734237079526	0.029381895605051656	0.02937616942315139	0.01912194919352478	0.019121673341946074	0.02937863251274473	0.02937876232976618	0.019131780672271243	0.019075759973117994	0.029376032215304042	0.02938188835353328	0.019150406421932078	0.01885319678540769	0.029424267000856315	0.029266906965972863	0.01904666725962903	0.01698764504120262	0.028907192535923335	0.03148195710922327	0.022971780041113374	0.000248658748389759	0.03549849238466138
5.469784751445633e-23	0.0003109480129300489	0.025602877313609173	0.00032087882784851465	0.03881757201763218	0.018395828041753465	0.020861990231046842	0.034157439643554006	0.031113383649995264	0.02062396972315108	0.021002868042284475	0.03160676818249186	0.03181404023402003	0.020908065038707516	0.020986258202630788	0.03174686211754534	0.03173995250070546	0.020972805501833922	0.020972332599544275	0.031743542634660386	0.031743764750568726	0.02098788535553927	0.020907810345785247	0.03173972225817452	0.031746853857831894	0.021013987733325145	0.02062284951995616	0.03180605695262487	0.03160777410762586	0.020883174227856297	0.018392090883970952	0.03114759659172601	0.034159315076171544	0.025602878290239897	0.0003096311756361477	0.03897898668622474
1.7995413531766214e-23	0.0003776415899825207	0.02860011676336577	0.00039159602571219384	0.042621837800629656	0.019904103184893836	0.022890326071241085	0.03703186105634011	0.03347430942060976	0.022567776184832525	0.023065554364477228	0.03410509411318096	0.034367118738492915	0.02293089767247312	0.02304243097144744	0.03427314802715241	0.034265185085357266	0.023021847203191507	0.02302104233670151	0.034270368582990846	0.03427075046382609	0.023044958403967846	0.022930472250492	0.03426479648966359	0.03427314196666482	0.02308159020141267	0.022566067275048445	0.034355735392612455	0.03410668254114335	0.022917202331093272	0.019899463929156837	0.03351916553471196	0.037033129876339825	0.02860011201394121	0.00038715372092763817	0.0428197421483096
3.357020335897028e-22	0.00045922182737998375	0.03202434599597706	0.0004789756819258729	0.046810685727702084	0.021518482822801045	0.025138644089465922	0.04010432886181107	0.0359585139969056	0.024700617129877474	0.025355122613466022	0.036762872325074254	0.0370932249971921	0.025163886509574036	0.02532286071476034	0.03696199639745389	0.03695347844765228	0.025291430845016796	0.02529005686331811	0.03696087389723118	0.036961530204015235	0.025326790546596915	0.025163173747559643	0.03695281970491616	0.03696200101769492	0.025378264919225266	0.024697998031728483	0.03707699352725872	0.03676537722019831	0.02517260149792378	0.021512869926154598	0.036017284179927715	0.04010423145997609	0.03202434389518053	0.0004861168742052245	0.04705386019636782
9.17852313673575e-22	0.0005590122049693593	0.03594877211194443	0.000587186578624577	0.05141656777118743	0.023241401613313725	0.027634317459804193	0.04337207354135722	0.038557658910357596	0.02703848750202792	0.027899435910078572	0.03957996597041828	0.03999516523330398	0.027628055237472835	0.027854298423086014	0.03981232685477601	0.03980441574914083	0.02780645182653252	0.027804108483839886	0.03981480830373958	0.03981593763713474	0.027860407869631544	0.027626856531945708	0.039803295051503526	0.03981236358377159	0.02793283021551137	0.027034454132588266	0.03997203181685379	0.03958391065817316	0.02767697960731102	0.023234878140388316	0.03863455745245489	0.04336933264003627	0.03594877096561338	0.0006129654284917962	0.05171597977033003
1.040498963486089e-22	0.0006810430232169213	0.04046196175432978	0.0007215308148246214	0.05647265405735737	0.025074703497584457	0.030409284637761224	0.04682750747477563	0.04126024861735633	0.02959794040247759	0.030730349602597504	0.042554299844014695	0.04307430133627625	0.030345823790046245	0.030666998797501236	0.04282030509093368	0.04281529027110229	0.03059446543445935	0.030590475779951325	0.042829616676919605	0.042831560676207456	0.03067648712305912	0.030343806307945476	0.042813378673210195	0.04282042040206227	0.030778514494890115	0.029591703158007195	0.043041361457293426	0.04256050163853365	0.030462513501895973	0.025067613927701748	0.04136066463848775	0.04682002699655765	0.04046196426957058	0.0007762229550153699	0.056842008136424184
9.736128991255221e-23	0.0008301839950711275	0.04567172386356697	0.0008887997834308373	0.06201236143451443	0.02701976433684044	0.03350104828434079	0.05045730806263753	0.04405159341224869	0.032395823384584056	0.0338841918161168	0.045681723622231364	0.04633047003116399	0.033340667004564756	0.033794959408084475	0.0459788978664332	0.04598090329585053	0.033685612574743166	0.0336788448635062	0.04600017621238737	0.04600352054032764	0.033809668674202244	0.03333728066115412	0.04597763689712267	0.04597919268324164	0.033953565896341846	0.03238614437997324	0.046283629882112945	0.04569145961780495	0.03356688404989296	0.027012993029241716	0.0441823549298669	0.05044170591705455	0.04567172502755839	0.0009871976252373398	0.06246878802658317
6.05344593266944e-25	0.00101229402218742	0.0517097789004215	0.0010977577360614685	0.06806878608338238	0.02907773973123344	0.036953610371434756	0.05424155887436264	0.046913955580631564	0.03544886994053554	0.03740195335296457	0.048955953179870185	0.049761959956883886	0.03663643419117827	0.03727582542971669	0.049277445254080676	0.049293458143569585	0.03711216827780403	0.03710074353237287	0.04931857938161491	0.049324326361552755	0.03729856336373841	0.03663077332509878	0.04928787729481971	0.04927812714786253	0.03750166342448938	0.03543379437429391	0.04969547460227618	0.0489712134276207	0.037034170866232154	0.02907314843246557	0.04708362164730102	0.054212445242138245	0.051709762030992965	0.0012609212093014292	0.06863370277033848
3.323898605310729e-22	0.001234386577842814	0.058737367658771404	0.001359804894286231	0.07467403388257092	0.031249976102957072	0.04081835508551452	0.0581530623107156	0.049826910566606666	0.038773110409860416	0.04132895049578845	0.05236858300012033	0.05336555215079249	0.04025617777283875	0.04115016253348099	0.05270128370298539	0.05274259531433114	0.04090746696995137	0.04088830486105291	0.05277399415613231	0.0527838431164894	0.04118519043578592	0.04024677349610625	0.05273307748638173	0.05270276105404446	0.04147185993210372	0.038749547967944324	0.05327139717114607	0.05239247312886689	0.040915669351745745	0.0312511251279982	0.05004607130351814	0.058101913509480574	0.05873735232083239	0.0016173882242733252	0.0753742245248287
4.3201196953449145e-21	0.0015048043940659316	0.06695100801707182	0.001689860990316101	0.08185842838152595	0.03353861292355948	0.04515415091804127	0.062157039531060825	0.05276792838827564	0.042383031356579004	0.045713230538826276	0.055909269667018	0.05713663046398247	0.04422021393865667	0.04545948259074303	0.056231529360505225	0.056315636302252954	0.045103706889309696	0.045071861145772905	0.0563526483762748	0.05636945987757619	0.045513152229811456	0.044204736764604	0.0562994631071781	0.05623458979525198	0.04591723856557195	0.04234607828819636	0.057003659659120166	0.05594665140837779	0.04526979522384416	0.03355190460812433	0.0530494798375865	0.06207046256004997	0.06695099852232177	0.002083105178595524	0.08272739878605194
1.2912565717915943e-23	0.001833391010131111	0.07658693254318134	0.002107487894873455	0.08964954952199515	0.03594740794484081	0.05002571432889751	0.06621155720282587	0.05571314892007843	0.04629045579142688	0.050601692916605295	0.05956620942217922	0.06106935071763543	0.04854314488180003	0.05024218824291929	0.05984521593118187	0.05999812277318114	0.04972813398253435	0.04967582113732939	0.06003805988194238	0.06006657795289404	0.0503238160037194	0.04851799827675275	0.059970817213323764	0.05985131964409872	0.05089140969602609	0.046232315217916625	0.06088220444970256	0.05962471284268023	0.050160358272097416	0.03598383323097352	0.05607249165131394	0.06606860568119556	0.07658692744801267	0.002692906164901374	0.0907292276641144
2.707533730243843e-23	0.0022316327206136598	0.08792075717526115	0.002638177762303843	0.0980709936002029	0.038482709962816	0.05549880481836999	0.07026921006600015	0.058638281957965596	0.05050314491582256	0.05603266145971935	0.06332714114535733	0.065156865727639	0.053229600609480426	0.05552652219323466	0.06351609583861866	0.06377478130683437	0.05479698070225066	0.05471235408699227	0.06381168742091477	0.06385962493402889	0.05564940529013645	0.053189449289906654	0.06372912247721288	0.06352785114231513	0.05644128872839692	0.05041143263239344	0.06489460392498843	0.06341878777076679	0.05565149124824673	0.0385603979279957	0.05909335497235459	0.07003730289679834	0.0879207421355712	0.003491741379714252	0.09941386290367217
9.876534852520354e-23	0.0027127264398229827	0.10125573766763898	0.0033144900279955705	0.10714064709015503	0.041154405444851806	0.06162957509053185	0.07428081122270401	0.0615195120782759	0.05502322094216186	0.062023165135948126	0.06718129347246997	0.0693915810015589	0.05826870166692414	0.0613195891698932	0.06721661929447623	0.06763104459453854	0.06030688736957781	0.06017262278275841	0.06765434525512533	0.06773387458898622	0.061502035245338406	0.05820605801584733	0.06755575385832162	0.06723846996817771	0.0625944264309561	0.05487837902584086	0.06902611350809812	0.06732503363140137	0.06179684007763191	0.04130209157534125	0.062090546864498455	0.07390970697847114	0.10125571527971315	0.0045357025828304965	0.10881239282203997
3.5390236359242525e-21	0.0032915028813984876	0.11689051450159137	0.004176347725195158	0.11686815247552745	0.04397634615215562	0.0684463563256369	0.07820182331685414	0.06433428370614205	0.059845721058078116	0.0685508895896662	0.07112260988934264	0.07376541539401327	0.0636280330249326	0.06759314728173707	0.0709215643077528	0.0715552545146434	0.06622463752341753	0.06601677123784055	0.07154872776758117	0.07167829140350536	0.06785906778858507	0.06353316189098725	0.07143343807430107	0.07096066125561204	0.06934039547460251	0.059617298178204256	0.07325995074714133	0.07134818733170047	0.0686211039501195	0.04423767714091435	0.06504311818911393	0.07761520544153937	0.1168904921859259	0.005890898623888749	0.11895086706790617
3.3300587889447873e-22	0.003984119421449056	0.13505726533843895	0.0052693145492980166	0.12725119132731522	0.04696546295148927	0.07592388516412969	0.08200169111448417	0.06706190397236854	0.0649578451761932	0.07553358443497786	0.07515429417849126	0.07827002286933024	0.06924910637688433	0.07426952050350386	0.07461343831964284	0.07554139133186158	0.0724782039006677	0.07216595201747067	0.07548322528699271	0.07568925691100473	0.07464793473337171	0.06911074778940898	0.07534914035802381	0.07468049092636936	0.07660879575578178	0.06459961482368216	0.07757800135215508	0.0755077237691773	0.07609420919308173	0.0474036241760958	0.06793069496293301	0.08108644356500468	0.1350572537662698	0.007628186075002907	0.12984706587067396
6.241778550884691e-21	0.004807460831198607	0.1558322621028197	0.006639636474399825	0.13827044236857153	0.050138638152389225	0.08395705682921141	0.08567452594420431	0.06968409717910194	0.07033963303551376	0.08281526416326104	0.0792934829730948	0.08289683641546444	0.07504779069498692	0.08121558778476921	0.07828853840375596	0.07959170117569168	0.07895495418272999	0.07850244271588272	0.07945636229775525	0.07977409221715559	0.08173840608725536	0.07485515791733434	0.07929753501247622	0.07839818241989908	0.0842530480956642	0.06978412397110814	0.08196205822210438	0.07984406761737355	0.08410526563565633	0.05084033398197901	0.07073330642828714	0.08426891278883365	0.15583232176465941	0.009812216639641876	0.1415056546414549
3.239864934401514e-20	0.005778274444795056	0.1790448579569149	0.008325950477465548	0.1498837630171853	0.0535071497976049	0.09234899396050926	0.08924704472987838	0.0721858815054473	0.07596648186383448	0.0901726431654719	0.08357346182232205	0.08763673146844111	0.0809229541287672	0.08825443177446961	0.08196088417517167	0.08371790503330606	0.08551319492264534	0.08488376224891778	0.08347988495130561	0.08395221867999667	0.0889522984485202	0.08066921847685085	0.08328383987761562	0.08213096395701956	0.09205379893294163	0.07512036497429077	0.08639529441811652	0.08442138436630044	0.0924510632285471	0.0545846972043553	0.0734315200582998	0.087130576497117	0.17904481164988445	0.012485811763987088	0.15391196325013543
1.4032983494057309e-21	0.006912199755034955	0.2042328104587251	0.010349860923131454	0.16202104328068867	0.057070021983584324	0.1008291587595401	0.09277854627638271	0.07455712280394297	0.08181283697900922	0.09735035055960137	0.08804027342093454	0.09247891803028664	0.08677314720644008	0.09519792033578556	0.08566068505945099	0.0879394948560891	0.09200815695087919	0.09117051577513557	0.08757780965323737	0.0882515634688023	0.09609550959165322	0.08645969446334216	0.0873241260601045	0.08590989157080332	0.09975224376548522	0.08055521485511836	0.09086310693338598	0.08932278587884591	0.10085551190260797	0.05866084885583486	0.07600744795512003	0.08966704474560863	0.20423279749273895	0.015655036217436562	0.16702565100237624
3.160964903011154e-22	0.00822285548294036	0.23068848979119244	0.012709765650490167	0.17458160281524637	0.06080929071263842	0.10910470553432924	0.09635020981787024	0.07679475283173791	0.08785493143662655	0.10411708528138496	0.09274266607232345	0.0974090048651563	0.09251511075015957	0.10188983801096754	0.08942595769931774	0.0922787946789434	0.09832292588202324	0.09725764160597038	0.09177982092301194	0.0926999940871355	0.10300231030324447	0.09215531490909461	0.09144154978604943	0.08977016683733427	0.1071060347318918	0.08604036827723152	0.09535210647218076	0.09463668357349118	0.10902158892426086	0.06307299953161183	0.07844664596220467	0.0918988218844505	0.23068847312657412	0.019282660335985982	0.18077608193727618
1.0335259333353585e-23	0.009720976993951797	0.2575855362922534	0.015380913315498096	0.1874349988846723	0.06468948749277952	0.11692283989645601	0.10004726613951316	0.07890484567638834	0.09407027479721455	0.11031555189199738	0.09771861663900683	0.10240648377534022	0.09809507822075672	0.10823729386495969	0.0932905965616902	0.09675421573918994	0.10438888482160978	0.10309261195357552	0.09611106922010024	0.09731469198734594	0.10957030135996194	0.0977159224932499	0.09565937800268626	0.0937387345054029	0.11394215597907986	0.09153680185027188	0.09984715322568455	0.10043804687547433	0.11669496753732173	0.06780347019885762	0.08074025390179895	0.09386139917708075	0.2575855088965186	0.023294192581911403	0.19506057383212627
8.47106587045943e-27	0.011413271588654626	0.28412585087225983	0.018320839677178746	0.20042459330375484	0.06866121515212407	0.12411416920779668	0.10394119626054055	0.08090353177162686	0.10043308609904857	0.11588215061288216	0.10298353998170053	0.10744258387447543	0.10348774387582749	0.11421514478653566	0.09727419535779393	0.1013742250061011	0.11018564369975908	0.10867216318071583	0.10058254823901157	0.10209399239026626	0.11576829043492151	0.10312871503408982	0.0999933550253572	0.09782496151720003	0.12018036548643769	0.09701387128514588	0.10432760732080151	0.1067712194261099	0.12370771163066105	0.07281522978837324	0.0828862814368771	0.09559357438853566	0.28412583246287476	0.02759257284566137	0.2097449783728901
