8.225243720298108e-25	0.035241782331598866	0.9770434871897783	0.02269326176411136	0.031484688864139666	0.029894163134274	0.9402416837902247	0.020464339287858277	0.02930737171084815	0.030591093656558953	0.9403170908801901	0.020150492383091745	0.028873712358275575	0.03295206845701473	0.9421923971049919	0.01797509026658844	0.03537151596037311	4.0295075619207066e-26	0.9589662176936714	7.40231947409604e-27
2.4016934335789156e-23	0.03866765361612704	0.9744215985071102	0.02525800539113583	0.03416275405491762	0.032316991501944975	0.9342760077404466	0.022614127742404563	0.03166424241867011	0.03322596868284468	0.9343171907660249	0.022204491265651414	0.031102872398710023	0.035966744678333384	0.9365609352737511	0.019562989202683633	0.03882424130795712	3.9291960986249553e-20	0.9547467949198177	1.8687992466227945e-22
9.932615047688505e-21	0.04244162872903545	0.9714392623665267	0.028169985381186053	0.03703753768818261	0.03490415838036519	0.9276459169595622	0.025034444461654006	0.03418519814362754	0.03608978197874045	0.9276319284783372	0.02449969950854059	0.03345918171801856	0.03926202177909434	0.9303156938565111	0.021287797101088426	0.04263081523281813	6.656376894133261e-20	0.9500318730857213	5.165224633551066e-19
1.3594274003451826e-21	0.04659409487058955	0.9680391548355965	0.031483347621868774	0.04011004640550597	0.03765645004720052	0.9202729644650053	0.027766148920226	0.036874104047047655	0.039202319793897204	0.9201748886171812	0.027068338147022343	0.035936548200845055	0.04286092885414838	0.9233825188145934	0.02315847690567528	0.04682283925311526	2.1490635209485232e-20	0.9447569692323546	4.9284509742512725e-22
4.292103428651011e-21	0.05115639986365602	0.9641538562326829	0.03526155202452703	0.043377318779477314	0.04057246255670272	0.9120690309557082	0.03085746678220812	0.039733785797341	0.0425863047500918	0.9118475158383377	0.029947745501532185	0.0385255710872751	0.046788355822292134	0.9156763196333795	0.025184240191799417	0.05143311566764872	1.5394824856646067e-20	0.9388480814586082	9.334163616625549e-21
3.679697121447814e-22	0.056160471091106265	0.9597040826927098	0.039578946384225065	0.04683153655614863	0.04364840669164155	0.90293528899642	0.03436521987414358	0.042766057745692754	0.04626830652910724	0.9025376254170552	0.03318117873574665	0.04121323028743297	0.05107152521694236	0.9070993131354539	0.027374603287255984	0.056495308190032366	4.1257838446860743e-20	0.9322202410066073	6.28709467855721e-20
1.666883767366676e-22	0.06163835038344746	0.9545969645960302	0.04452224981280518	0.050459134426855706	0.04687795974102656	0.8927615256525289	0.03835604974905716	0.045971832635304265	0.050279834421012054	0.8921181281499944	0.036818715649436444	0.04398268436167515	0.05574065111410705	0.8975391508662935	0.02973947954583698	0.06204352309086736	4.270209921901132e-24	0.9247760379800151	8.065028868727655e-26
1.1633776143929802e-21	0.06762164033289578	0.9487243529210548	0.05019195566723058	0.05423997364285405	0.05025219455751566	0.8814259257517714	0.042907446846775624	0.04935132564257028	0.05465855228424735	0.8804462446325249	0.0409180668861253	0.04681322007471517	0.06082972065080962	0.8868673249815093	0.03228924852091115	0.06811180887223317	9.120917977884357e-24	0.9164044286156826	1.920442883233689e-22
8.164014846675468e-23	0.07414085802158639	0.9419617365047556	0.05670307274767635	0.058146693253300054	0.0537595335109035	0.8687961556521926	0.048108069447270856	0.052904378582041896	0.05944944444021085	0.8673641227558108	0.04554505932074312	0.04968039213090007	0.06637730452925675	0.8749384279864619	0.03503476227587116	0.07473356698853537	6.898226632600021e-22	0.9069801395354681	2.4839316928505684e-19
4.99895615946889e-22	0.08122468526637479	0.9341682986822817	0.06418468568418491	0.06214437460711564	0.057385645123382026	0.8547324564443168	0.05405678884232626	0.056630907209339144	0.06470556760435903	0.8527018199316176	0.050773418051858435	0.052556384448234246	0.07242702676986984	0.8615913549493874	0.03798713979813218	0.08194085719669394	2.6934554322370122e-21	0.8963645880515438	3.1302595520250815e-19
4.522849800097201e-24	0.08889908529574986	0.9251891169149966	0.07277736330862626	0.06619070233348985	0.06111319563610054	0.8390938783323139	0.060859582403398234	0.06053145736951816	0.07048802409935824	0.8362838119721377	0.05668334841984822	0.055410621259692434	0.07902735169424505	0.846653420634624	0.04115719974349004	0.08976356641397953	4.25389481009837e-21	0.8844091604530918	2.3610160671427176e-18
3.356498781230948e-24	0.0971862427024503	0.9148608092258748	0.08262717899765223	0.07023683009522821	0.06492125896916608	0.8217490646551128	0.06862304884858443	0.06460790980410729	0.07686424294858095	0.8179411576962651	0.06335808908019085	0.05821063016893461	0.08622973121772361	0.8299496871209152	0.04455430514300235	0.09822836910077182	2.2291750374539404e-20	0.8709623829733348	8.617019637627165e-20
6.813032826611924e-22	0.10610324153904459	0.903022205245306	0.09387488613689	0.07422916801426692	0.06878427462448387	0.8025928459904633	0.07744326461952387	0.06886428922281655	0.08390382987953424	0.7975307896564849	0.07087754380674348	0.060923165335006635	0.09408426034225718	0.8113190862295789	0.048184358349106046	0.10735737309233313	6.698331191459353e-20	0.8558824447989611	2.451074313799726e-19
1.6151000354461147e-22	0.11566037088150469	0.8895313583634388	0.10663911143762564	0.07811223848659239	0.07267049285067222	0.7815690779274892	0.08738914623055412	0.07330761362613951	0.09167097966894476	0.7749630264418375	0.07930826558848651	0.06351556767625545	0.10263174300821115	0.790638990590217	0.05204681845084422	0.11716628698395623	1.4431699876629926e-19	0.8390562204134578	5.1218797840609676e-20
3.015515641427312e-23	0.12585891828358317	0.8742890457757441	0.12099363144525466	0.08183257778982256	0.07654014723587796	0.7586982235968911	0.09848075607348068	0.07794862804470293	0.10021304705068342	0.7502359724613606	0.08868967876624176	0.06595733425699303	0.11189167777895057	0.7678578079688594	0.056130858997123084	0.12766190983939152	1.4510553514115466e-23	0.8204245722178181	9.653375966459718e-27
3.291633832622334e-23	0.13668832232260705	0.8572671056548915	0.13694059032607558	0.08534338248775858	0.08034391507201753	0.7341057332864954	0.11066494251702277	0.08280208811484607	0.10954578657111239	0.7234725591103411	0.09901757626020541	0.06822185019985932	0.12184683411337789	0.7430323038767709	0.0604111997123289	0.13883875223272793	1.8376531849899502e-20	0.8000114533414171	9.817153621258701e-25
2.874948134826231e-23	0.1481226176014753	0.8385362643960084	0.15438505257740065	0.08860918222436372	0.08402276598446867	0.7080432274502908	0.12379425982258899	0.08788606523917851	0.11963775248225494	0.6949504858914952	0.11022816012644025	0.07028820287827107	0.13242742012305747	0.716361073029602	0.06484484199071626	0.15067469495544097	8.198450356450725e-21	0.777950476204864	7.495918499858145e-22
2.7975108884134796e-23	0.16011626049113242	0.8182858534835955	0.17311830386881244	0.09160951958355348	0.08751029607290732	0.680893586574874	0.13761682094266878	0.0932196877599505	0.13039772590518006	0.6651137445541044	0.12218718274402599	0.07214293945533642	0.14349956316107337	0.6882032210298811	0.06937020971505652	0.163125816972882	1.0036303488234997e-22	0.7545007166461782	2.859336518767775e-20
1.395410719869755e-21	0.1725996423942381	0.7968268320387033	0.1928179713884407	0.09434054935770661	0.09073836699777804	0.6531523438497152	0.15178492265017537	0.09881883399030361	0.14167025431473823	0.634554592841795	0.13468940276097702	0.07378156345586073	0.15486418891098186	0.6590703428326985	0.07391011482051336	0.1761208602532669	3.4711339445799374e-24	0.7300428588735114	2.0040400508365814e-21
7.943495734377193e-25	0.18547487701629997	0.7745735632721552	0.21306885898684624	0.09681389917762874	0.09364555758659678	0.6253852648966756	0.16588537651641722	0.10468979027864173	0.15324248601968815	0.6039637693283273	0.14747110008787612	0.07520947798846787	0.16626990935064317	0.6295875432064726	0.07837879408877349	0.18955616321566598	8.239459467982459e-27	0.7050524290118083	1.6178398354664316e-24
1.7703766645958286e-28	0.19861267090712795	0.7520068476363451	0.2334014779852781	0.09905292697718299	0.0961865733722625	0.598171063315413	0.17948690232491213	0.11082161613392749	0.16486215468817275	0.5740580542761599	0.1602340899751128	0.07644205336409111	0.1774390800837612	0.6004298154388266	0.08269161888622444	0.20329215459309646	1.0264936088839399e-22	0.6800546387279582	1.908562284428345e-23
1.1382249149762292e-26	0.21185120298049928	0.7296278278193096	0.25333858082626537	0.10108729425196669	0.09833981667726199	0.5720446840765296	0.19219305936559622	0.11717862446647795	0.17626239254030374	0.5455038991376674	0.17267540872522724	0.07750351923277078	0.18810069688759795	0.5722503494411886	0.08677473747115184	0.21715252871437263	1.0894602737370506e-23	0.6555728991629947	2.2896653749306915e-23
3.21208660554605e-29	0.22499785419019355	0.7079151739199608	0.2724376900190287	0.1029471451895008	0.10011062951100658	0.5474559355474988	0.20368714879976252	0.12369469611389691	0.18718696526413614	0.5188569682486446	0.1845151739726793	0.07842450389178963	0.19802104641401205	0.5456200064247552	0.09057175866393097	0.23092698253984534	2.1689029294955428e-24	0.6320849699591067	2.9080981092789525e-27
5.612063400703511e-32	0.23783431411265052	0.687294894017257	0.29032087220820224	0.10465800740768831	0.10152914732262087	0.52475091107487	0.21375941837355023	0.13027094938016837	0.19741046529318879	0.49452966495680156	0.1955169350564717	0.07923826609431615	0.20702447711606495	0.5209910201587309	0.0940458032987121	0.24437790843519913	4.197183144262205e-25	0.6099960885284286	1.3676851983317157e-31
6.244072918194175e-28	0.2501250541528851	0.6681257707220271	0.30668913022140737	0.10623706475992273	0.10264346290610529	0.5041745096643864	0.22231382646949968	0.13677767490419576	0.20675085795852055	0.4727874814918195	0.20549850101956793	0.07997597687262253	0.21500101276186734	0.4986875379621162	0.09717706252668784	0.2572507650684	1.46490679967897e-28	0.589630778305296	1.5665522807510015e-33
4.243264659394322e-33	0.2616284720182522	0.6506978066813612	0.32132390311165004	0.10769104369160602	0.10351010112023279	0.48588643720591457	0.22935756095465876	0.1430606310222424	0.2150745699964672	0.45376659408956027	0.21433434142820101	0.08066176506874695	0.2219021402201959	0.47891695472775453	0.09995745466907204	0.26928709236480564	5.879612353314798e-26	0.5712387690081396	5.302058088578096e-33
1.0314078458396615e-32	0.27210934726136754	0.6352385136669648	0.3340802160590169	0.10901574281038995	0.10418426527785195	0.4699820662779478	0.23497934032480272	0.14895093867204223	0.22229568430237975	0.4375024084128702	0.22195192347328868	0.08130852575632609	0.22772881668889106	0.46179255261070984	0.10238452002782542	0.2802384615417965	2.5329346066680966e-27	0.5550080863087812	5.03807290002357e-32
3.37679750266363e-33	0.28135082668001365	0.6219222737365782	0.34487539815425655	0.11019714227104777	0.10471202956232359	0.45651201528048724	0.23932253419071725	0.1542770734508941	0.22837086437047963	0.42396054282438	0.2283240832957089	0.08191555764250757	0.23251619529187462	0.44735911679433965	0.10445639024473163	0.2898792906948985	1.1184750698850795e-28	0.5410793505264258	8.874507146132156e-33
2.8258240735049688e-30	0.2891641774622591	0.610879775262161	0.3536756766971386	0.11121390862574672	0.10512588570499967	0.44549773572464446	0.24255775849627856	0.15887701561370102	0.2332911884297572	0.4130652343680866	0.23345877794808198	0.08246883059267696	0.2363185284411466	0.4356164685028997	0.10616887833867075	0.29801661140265756	1.249347353166327e-28	0.5295578023812929	1.0220987967094247e-31
2.784069098058617e-30	0.29539507204877574	0.602206261552866	0.3604817494568239	0.11204091929081104	0.10544407304150072	0.43694297655356507	0.24485800614101866	0.16260867880537982	0.23707183553307318	0.40472317604628527	0.2373871360228617	0.08294409770153946	0.23919621077356767	0.42653896145014103	0.10751485692331958	0.30449558828571033	1.8908594496849298e-28	0.5205219087135496	2.8238416203371734e-32
6.2064944384398135e-30	0.29992608101819573	0.595968335685974	0.3653141338226737	0.11265324052538808	0.10567315449066358	0.4308421312509536	0.246378059293774	0.16535735439766225	0.23974070028658329	0.3988425193616211	0.24015080067787847	0.08331232087787542	0.24120566022039244	0.4200908534866019	0.10848541224713336	0.30920069499102776	2.7691160417455573e-29	0.514028856373725	6.565841164413322e-32
