2.9085669112468715e-26	0.03524201264544662	0.9770315980073081	0.022704923890229708	0.031487736114431564	0.02988776181098781	0.9401879751331659	0.02052068235272265	0.02925382648141723	0.030695239537872968	0.9400665236460828	0.020412841699265785	0.02942376292111735	0.030582952025211153	0.9401380222931955	0.02012279724230924	0.028870053795555774	0.03296560269242334	0.9421647927283445	0.01797169492852616	0.03537169408762014	1.1190590033825878e-31	0.958958161967889	1.2721642144649042e-26
9.913120529926016e-25	0.038667901852611555	0.9744030164045838	0.025276201010280545	0.034167180566774695	0.03230897052571255	0.9341990783301644	0.022694997916854007	0.031590412540006656	0.03334997735812738	0.9339905790517271	0.022546477873459838	0.03180532869920557	0.033217082602138084	0.9340851260823374	0.02216632904691601	0.031098899975988702	0.0359875659283645	0.9365199679132511	0.019557960780836662	0.038824397239108355	1.0451410567796434e-23	0.9547339669384441	6.820199282255795e-24
4.288890123292225e-26	0.04244183823736487	0.9714101841111241	0.028198405265246126	0.03704390896458138	0.03489436121484552	0.9275355387356523	0.025150686161609297	0.03408369403266483	0.03623537462666303	0.9272053573705257	0.024946003845290724	0.03435450532443751	0.03608131014420609	0.9273301540686718	0.02444734030617041	0.03345532488454798	0.03929405326381862	0.9302546741042054	0.021280401179974675	0.042630864868958195	1.836244706888405e-21	0.9500114143977912	5.414386826235412e-22
5.63323052722427e-25	0.046594141584836865	0.9679936935421755	0.03152768864503557	0.04011911426238238	0.037644892613049825	0.9201144799775557	0.027933340543975508	0.03673507095036835	0.03937022102452345	0.919616746013489	0.027651276160274546	0.03707475079774172	0.03919666789192407	0.9197809983291101	0.026996869833177357	0.03593365324765646	0.04291013849219783	0.9232914481777803	0.02314768591336025	0.04682261094814733	7.022873377512378e-22	0.9447243442345173	6.552851794833749e-21
9.973202842405847e-21	0.051156037594151375	0.9640828612373666	0.03533064399592307	0.04339004634193317	0.04055951486950686	0.9118414005429987	0.03109794657177444	0.03954422001204573	0.04277551954367962	0.9111159382029895	0.030709574099518033	0.03996789069796058	0.04258802609373126	0.9113312029201373	0.029850820704251123	0.038525150203203136	0.046863798060744144	0.9155402332757895	0.025168656485447884	0.05143228458729335	1.3840324253241713e-29	0.9387961022826812	7.188386524566887e-23
7.970349287574886e-23	0.05615924500948068	0.9595934745917849	0.03968633111741461	0.04684909949750235	0.04363505875727967	0.9026084672261153	0.034710890087031036	0.04250900955371336	0.04647513376640228	0.9015771410682891	0.034177042237393866	0.043033860491763075	0.04628548796441305	0.9018576369081973	0.03305078780090685	0.04121782192022645	0.051186846451118435	0.9068958945613719	0.0273523802403745	0.05649328939926842	8.289224591570132e-20	0.9321376250022293	3.2652587582448434e-19
8.334859990196582e-23	0.06163546121923681	0.9544252579702134	0.04468851946702506	0.05048287169808275	0.04686622875929579	0.8922928592697444	0.03885218647593568	0.04562550560061528	0.050496590609434115	0.8908553075278984	0.038120271749894984	0.04627046481930009	0.05032619973358281	0.89121802571282	0.03664501111133808	0.04399635561052725	0.05591625264542519	0.8972353221225505	0.029708275741522697	0.06203930399246059	1.1088417759013511e-20	0.9246452055825128	2.5235511863595936e-19
1.4775075527618053e-21	0.06761574107585572	0.9484592289453527	0.05044796260751302	0.05427125545151792	0.0502456918789809	0.8807555743217086	0.04361759882060599	0.04888816709691674	0.05487190918946	0.8787845257165036	0.04261774611129728	0.04967316302387989	0.05475642086666286	0.8792490578968407	0.04068927299819325	0.04684223979328998	0.06109572600942374	0.8864147564044265	0.0322462405099477	0.06810369790899776	1.7163581035158773e-20	0.9161984206820265	5.711024912021777e-20
8.762699791642628e-20	0.07412976002505095	0.9415552904216269	0.057094346438009036	0.05818665351719178	0.05376424495085092	0.8678411673726869	0.04912040803327675	0.05229021193866294	0.05963846506629753	0.8651774456693333	0.04776091764503462	0.05323490984879545	0.059633867609376986	0.8657652269476827	0.04524761591752855	0.04973410019456136	0.06677758868492521	0.8742674887166917	0.03497678062722234	0.0747188215984273	8.055471099183272e-20	0.9066583294712449	3.957471483748797e-22
2.846271649430109e-20	0.08120494861025775	0.9335509992458285	0.06477697772595765	0.06219347074657914	0.05741092814337322	0.8533799655052556	0.05549155987419827	0.0558243074351455	0.06483937801237019	0.8498278877343213	0.05365393245890987	0.05694609005335511	0.06502962476745763	0.8505606110990249	0.050392362310515304	0.05264826437455687	0.07302437390650954	0.8606037215504843	0.03791100361427355	0.08191517118859976	4.586618517687099e-19	0.8958671042110219	6.096711906553525e-20
3.835438749334461e-21	0.08886547265547114	0.9242628104260321	0.07366294900856733	0.06624808426123413	0.06117291535624321	0.8371943464265632	0.06287686549051073	0.059483635402206525	0.0705229325751822	0.8325185923861069	0.060410892744833196	0.0607946139315112	0.07102885481855784	0.8334154694229385	0.05620279319614104	0.05555955220424805	0.0799094328042232	0.8452143676651277	0.04106028567381581	0.08972036176502227	9.407659234688764e-19	0.8836504699510791	8.959192646778455e-20
7.285987909346493e-21	0.09713101391842388	0.9134916490896555	0.08393101478693998	0.07029954778491347	0.06503498750095783	0.8191110668018943	0.0714294165851875	0.06326345196413981	0.07674026945876306	0.8130366412672236	0.06814911269589069	0.06476625947486124	0.07772893507669483	0.8141103542513193	0.0627615927662499	0.05844226118411429	0.0875152684089142	0.8278814905898352	0.044435378714955044	0.09815787508649369	2.394933293842898e-19	0.8698248738812278	1.551644696809791e-20
1.060720715428149e-21	0.10601527640866372	0.9010360832873819	0.09575811555478567	0.07429138657498294	0.06897823783962842	0.7989830915222699	0.08129388403017171	0.06716325040529068	0.08353999727605392	0.7912009593942545	0.07697585098402135	0.06884537515967622	0.08523291002162851	0.7924521216574616	0.07014758260989784	0.061271294354492946	0.09592757466189078	0.8083994053721076	0.04804451937401345	0.10724546119736103	7.876131205142757e-20	0.8542123847629418	5.682138652283729e-20
1.7385580087795243e-24	0.11552411946686374	0.88671498089323	0.10929694837024234	0.078164712403846	0.07297796029560637	0.7767213235141991	0.09258140812744405	0.07118948382197116	0.09095879248296534	0.7669027933437139	0.08696726029645004	0.07301599286135554	0.09363622246968409	0.7683135898309399	0.07842385268455027	0.06402334593260163	0.1052229034976441	0.7866091192761221	0.051890299341817644	0.11699306265042694	5.760262514841299e-21	0.8366654495747108	2.3232208322473275e-24
3.763739836456859e-27	0.12565321199150054	0.8704013893290332	0.12464326104493476	0.08186277758788578	0.07700084610121744	0.7523356863046106	0.10533441092381358	0.07535856652455614	0.09900745475211213	0.7401582926056435	0.09813947624252449	0.077263296833237	0.1030055144551559	0.7416861566287378	0.08762104100171293	0.06667805740698284	0.11544859658547019	0.7624463841425697	0.05596521348779575	0.12740011113213226	2.4825203226811102e-20	0.8171022057859434	2.3010836993066757e-21
1.3198678446530842e-21	0.1363851551136806	0.8520643818074467	0.14179646677522612	0.08533657128242267	0.08100233292107503	0.7259781636385179	0.11948617292443868	0.07969944805807322	0.10765386265681762	0.7111640629742475	0.11041590805956251	0.08157513542339441	0.11335100711611021	0.712737053794926	0.09771777095659773	0.06921904450372383	0.12659619453206333	0.7359972388960045	0.060246493860587336	0.138452127290996	1.4226877594592642e-19	0.7955483276783948	1.2015932152263767e-18
3.915933904890419e-24	0.14768617102645568	0.8318093796879824	0.16062308810541107	0.08855040669446143	0.08492565653606161	0.6979735516631597	0.1348267763216968	0.08425456316894372	0.11680743064831936	0.680336942046859	0.12360069641437678	0.08594296714230898	0.12459907054341332	0.681852406241255	0.10862373270121106	0.07163469366921527	0.13857440256398643	0.7075450032379634	0.06469182038830465	0.15011675497463364	1.4237853003752285e-22	0.772174770350332	3.2144266406095325e-21
4.8773639131843924e-26	0.15950268365071316	0.8099025612249735	0.18083688895961814	0.0914859418042601	0.08870421313824697	0.6688213616470553	0.1509909043468442	0.08907775058210066	0.12631158734909415	0.6483161889952433	0.13737134152366617	0.09036148883400705	0.13657521834103578	0.649643600947116	0.12017286324202932	0.07391862251956176	0.1511916773307319	0.677587713284003	0.0692380791809682	0.16233966747186288	4.525899867191771e-21	0.7473162747386064	1.5148425002489446e-24
2.596160240040422e-28	0.1717583254467326	0.7867645280493646	0.20200934869083914	0.0941430880065128	0.09226818436932384	0.6391566824048912	0.1674814681832767	0.09422821696298002	0.13595116642575766	0.6159112655864614	0.15130174675004893	0.09482644745739265	0.14900890075095313	0.6168986308341009	0.13213333232962296	0.07606971573634165	0.164159956748476	0.646806840858172	0.0738050844001984	0.17504107450060194	6.396650088593786e-21	0.7214563715130038	4.420912190673318e-23
4.5694207333071065e-30	0.1843519516843376	0.7629293549983415	0.22361312223991645	0.09653729393184375	0.09555420090636876	0.6096753601689724	0.1837293871029497	0.09976074727439749	0.14547585005186933	0.5840015520535647	0.16491521424057334	0.09933084461210773	0.16156345847374437	0.584483498392546	0.14423448060438526	0.0780916674341981	0.17712389586078298	0.6159875090619256	0.07830422248606185	0.18811357645496932	1.839137388516574e-21	0.695177244155611	1.6877400064768998e-20
1.38952274196386e-26	0.19715703437963625	0.7389796269724754	0.24508724548053407	0.09869409423572914	0.09851512531603733	0.5810454061042684	0.19917410936342808	0.1057136239930338	0.15463400649138181	0.5534164657496656	0.177753343949127	0.1038605513399443	0.17388380802826528	0.5532220735959059	0.1562027793480859	0.07999202762906205	0.18970934184865365	0.5859122119774669	0.08264961930193308	0.2014218118902723	1.9494257023210498e-21	0.6690880554118874	1.1581436431643027e-22
7.865844370493157e-30	0.210022475566441	0.7154793549802942	0.2659026752245709	0.10064283370264403	0.10112647407004627	0.553834183981003	0.21333927498910418	0.11209631382027269	0.16320574692963014	0.5248356662065802	0.18943864397975788	0.10839065703058579	0.1856453150734012	0.52379545652728	0.16779392607213117	0.08178078431499808	0.2015752135036325	0.5572641219381506	0.08676800259427989	0.21480384890177007	5.006187815373485e-27	0.6437559519472593	2.08417880223112e-26
1.6352809310816795e-32	0.22277465133466393	0.6929246791501276	0.28560947209596715	0.10241132484209418	0.10338755600702254	0.528470893452384	0.22588285573315373	0.11887866730191082	0.17102541770246502	0.4987364758627785	0.19971346289232558	0.11288346793828252	0.1965884869252758	0.4966896681995359	0.17881094240411838	0.0834685292998684	0.21245291299111307	0.5305684244780261	0.09060426699177605	0.228073967436304	3.842100112640092e-26	0.6196599023313731	5.501031949743044e-26
6.759597224920514e-32	0.23522053122375325	0.6717209315108491	0.3038582106729814	0.10402225219716174	0.10531764043470884	0.505246031409198	0.23661493609057274	0.12598279730471929	0.17798962935896678	0.47539209691620976	0.20845028066780022	0.11728828589457341	0.2065327936733758	0.47219588486474084	0.18910586945469926	0.08506425190021723	0.22216499580797305	0.506179689506764	0.09412196851993412	0.24102653954167835	6.2455926580855184e-24	0.597174318140359	6.90485346989553e-27
4.40208097423407e-28	0.24715194557816	0.6521826332543883	0.32039949864983697	0.10549120783691232	0.10694902777492393	0.4843358137833256	0.245488875083385	0.13327863417290386	0.18405301966886628	0.4549054519586253	0.2156393720439256	0.12154253972650854	0.21537251700857538	0.4504470989759539	0.1985697992060571	0.0865728581024318	0.23062408822059666	0.48430446504136604	0.0972999822732902	0.25344102568036087	9.205581110234129e-24	0.5765766201882765	2.1815663198585676e-27
6.350143269111635e-31	0.25835128535733876	0.6345468037803456	0.3350708393365884	0.10682585711406564	0.10831922428434672	0.46583568225044647	0.2525767858497198	0.14058444643451576	0.1892169070176163	0.43725764664822	0.22136416676664614	0.12557378011963358	0.22306247915411015	0.43146834696199443	0.20711895577718475	0.087992667735909	0.2378185482551018	0.46504042262652534	0.10012738905586763	0.2650883646921279	4.743240260559587e-28	0.5580671989747107	3.701191313720576e-31
4.6933397996333446e-33	0.2685988831256444	0.6189903177232505	0.34777916991354896	0.10802587046673316	0.1094639246977562	0.4497910691841832	0.2580385579304221	0.1476737356448623	0.19351561390649866	0.4223549806203663	0.22577277402286833	0.12930234559842543	0.22960110199601141	0.4152228166096777	0.2146831492425334	0.08931337349691307	0.24379209247535744	0.44841608453078874	0.10259838695566911	0.27573897375769657	9.677683191547553e-25	0.5417914606507611	9.740508882357587e-32
8.119764351438427e-33	0.2776819387835418	0.6056454415964488	0.35848388335147147	0.10908354800541795	0.11041185289584207	0.43621986600148893	0.2620897752023199	0.15428916444552773	0.1970033980311688	0.4100665518508871	0.2290503965277595	0.13264479510794194	0.23501518296699916	0.40164540436039287	0.2211995849682614	0.09051512733231623	0.24862272787045386	0.43442222148878507	0.10470835074141904	0.2851721295280533	1.0475056605505135e-25	0.5278578754387354	4.263398127484942e-33
1.7384099146578532e-32	0.2854042214904669	0.5946112876550387	0.36718182238864905	0.10998523311479604	0.11118200565288454	0.4251261216814983	0.2649709612161372	0.16016247688234747	0.19974322412794793	0.4002510265229422	0.2313945385620864	0.13551821897303098	0.23934769415225804	0.3906631468338757	0.22661176517084497	0.09156939195941963	0.25240400462415336	0.42303264586563805	0.10645153387465159	0.29318584916090634	4.308016339381438e-26	0.5163500090676814	8.398538562399426e-33
2.990606270366487e-33	0.2915952340989448	0.5859613393122728	0.37389392671883875	0.11071355627119221	0.1117834399752581	0.41650724475128803	0.26691947289028406	0.16503745606386722	0.20179766193643464	0.39277453893181835	0.23299377685164835	0.1378452609026651	0.2426481318592127	0.38220619039013476	0.23087129982716703	0.09244185838222102	0.25522986205627674	0.4142162314180371	0.10782044678426184	0.29960590676417564	3.343066198330935e-26	0.5073331293931702	9.310701811225911e-34
2.9082047997493458e-33	0.2961174744178727	0.5797482450607634	0.37865292066634637	0.1112503256794235	0.11221729982334547	0.410357655351557	0.26814527764472107	0.16869197093926505	0.20322186029978523	0.38752252679513793	0.23401067052691707	0.13955932123912687	0.2449645445230834	0.3762138052670325	0.23394014202232274	0.0930971487036369	0.2571832850070039	0.4079434537977552	0.10880660278124937	0.3042926803561954	3.087003070891427e-25	0.5008571016887701	2.1540072257811578e-32
