1.1944333346094018e-9
1.1713655924368892e-9
1.147241280046761e-9
1.1222587691768348e-9
1.096700298055907e-9
1.0709485118969025e-9
1.0455082119123092e-9
1.0210211542677265e-9
9.982875696200646e-10
9.782735727888896e-10
9.621116221815229e-10
9.510764480388272e-10
9.4653397071879e-10
9.49830825368404e-10
9.621436425587573e-10
9.842720315009243e-10
1.0164267788884594e-9
1.0580680525573213e-9
1.1078676974838507e-9
1.1638201590120896e-9
1.2234901958859202e-9
1.28431046297415e-9
1.3438454320426516e-9
1.3999826226303527e-9
1.451045248262341e-9
1.4958475020783231e-9
1.5337049098073643e-9
1.5644175092395161e-9
1.5882073210179164e-9
1.6056111861441835e-9
1.6173248523012275e-9
