3.711437374601941e-9
3.660592936511786e-9
3.605492360739954e-9
3.5459362280694256e-9
3.4817515928169443e-9
3.41280709264091e-9
3.3390144245542537e-9
3.2603465120979763e-9
3.176843119463366e-9
3.088617966500429e-9
2.995869888134575e-9
2.8988836827763507e-9
2.7980339880722257e-9
2.693784127331463e-9
2.5866714166120364e-9
2.477299944259538e-9
2.3663136016397505e-9
2.2543746199341108e-9
2.142138860858234e-9
2.0302367987189177e-9
1.91927001643157e-9
1.8098330011660336e-9
1.7025564099221173e-9
1.5981787325199117e-9
1.4976314192054298e-9
1.4021205396810305e-9
1.313173346081503e-9
1.2326336847152938e-9
1.1625824957455246e-9
1.105179996111578e-9
1.0624593800430093e-9
