0.9645015066209752	0.9464368685760137	5.971963088651073e-29	0.9456830429257878	0.9042696548057155	0.9340054850289655	0.01969341567119871	0.9187048976790207	0.9124326385226883	0.9313378487108935	0.021630216687688244	0.920870276830859	0.9118215815372326	0.9311130245756223	0.02187749379137057	0.9207887578666129	0.911875892976269	0.9310487042294989	0.021927173207418015	0.9208103036085773	0.9118726879562401	0.9310047665950647	0.021932468041109782	0.9208157483819633	0.9119318500802218	0.9310344009626809	0.02191970726315986	0.9215718214777707	0.9103692888897447	0.9268999133243945	0.021735795866397102	0.9177860885447902	0.933019550506116	0.9770282199588872	0.022723121292723608	0.96450150761534
0.961021012259739	0.941355025467844	2.825672497098936e-26	0.9404042061349143	0.8959085374297693	0.9283251831650725	0.02165619297616516	0.9115001523796655	0.9054785576105954	0.92506424521528	0.023987499909171452	0.9139991947043349	0.9047114686238151	0.924773006099506	0.024307579004574472	0.913906052481055	0.9047849546198773	0.924680106421611	0.024377969746048507	0.9139375328545735	0.9047817441707124	0.9246180756578046	0.024386024975448627	0.9139484976559094	0.9048450869676975	0.9246436021650195	0.024367514603466367	0.9149149594490588	0.9031183427397385	0.9198419180346816	0.024126089882333952	0.9105183821085082	0.9268616982376042	0.9743971217097604	0.025293247114603755	0.9610210133137769
0.9571802567610407	0.9357748726546762	3.5247759337653584e-30	0.934569689687089	0.8868688612132887	0.9221764342648787	0.023844665641858727	0.9036531011683466	0.8980698799043876	0.9181879077034649	0.026653642127115646	0.9065276972393185	0.8971104797869885	0.9178098446100011	0.02706805339446518	0.9064242281272682	0.8972094266664408	0.9176755298220775	0.02716777850474504	0.9064703744179905	0.8972068480647545	0.9175878362771078	0.02718000935512043	0.9064908893659575	0.8972710469891043	0.917603377920438	0.027153122322450575	0.9077248050559178	0.8953840240770407	0.9120440964322282	0.02683551808295774	0.9026333532993601	0.9201471279753486	0.9713998879860568	0.02821295829301357	0.9571802578516888
0.952946138730342	0.9296546953188896	2.7711270509067066e-29	0.9281195696168905	0.8771236881090384	0.9155309539707297	0.026290543323821976	0.8951119063066485	0.8902063890337607	0.9106517855222435	0.029677868235936454	0.8984054647910099	0.8890118353151716	0.9101599266052228	0.03021439212586272	0.8982950964875133	0.889144287642194	0.9099656617333018	0.030355570705783694	0.8983629405285377	0.8891435302533055	0.9098415454132452	0.030374079154053227	0.8983995835275357	0.889202901968479	0.9098379692380012	0.030334992484103294	0.8999724440477282	0.8871690047412009	0.9034259548615589	0.029916314863301992	0.894096637349236	0.9128419083436545	0.9679756561048178	0.031538227020975335	0.9529461398036311
0.948284019185017	0.9229512369906191	4.0876570826342945e-30	0.9209861816497267	0.8666520199669889	0.9083594612137557	0.029032234031652622	0.8858189814142938	0.8818939181418929	0.9023927282034802	0.03311970446523909	0.88957505780473	0.8804144421660115	0.9017513254712122	0.03381408894552189	0.8894645746140029	0.8805905330707002	0.9014704509558925	0.03401365709825145	0.8895645726043228	0.8805936694083962	0.901294616939577	0.034041529787876695	0.8896279208821628	0.8806392134514803	0.9012582227511445	0.03398468433336967	0.8916288307652147	0.8784846857748176	0.8938963993212906	0.033431671985642196	0.8848756956540227	0.9049146875896357	0.9640512290343887	0.03533580553712158	0.9482840202296725
0.9431579907084225	0.915619975994912	1.6157652497363877e-29	0.9130922981663395	0.8554403368461563	0.9006310674452316	0.03211689559020884	0.875708895213808	0.8731448062000429	0.8933404413456101	0.03705172976913497	0.8799692665987678	0.8713236933436793	0.8925019998793898	0.037949833192421095	0.8798705279040949	0.871555958246442	0.8920963628743279	0.038231308838646366	0.8800182117176272	0.8715664335231503	0.8918470728230854	0.038273026486730005	0.8801250068921157	0.8715846344921944	0.8917578809318581	0.03819037925950249	0.8826644117743867	0.8693524981118078	0.8833513232280218	0.03745856966415263	0.874940359717827	0.8963379648670098	0.9595380357304211	0.039685741314555205	0.9431579918635661
0.9375312107803212	0.9076154169102608	2.7122719084936194e-25	0.9043485776509381	0.8434841539438057	0.8923123161992579	0.035603276920987414	0.8647052626081801	0.8639780890840129	0.8834162749592972	0.0415632737926213	0.8695073739025428	0.8617521439637765	0.8823176419686158	0.04272365482820047	0.8694397444192222	0.8620557668912656	0.8817330277381216	0.043119383956983656	0.8696581355792266	0.8620790934159871	0.8813794274227854	0.04318133278586217	0.8698344643657622	0.8620504893030444	0.8812090016173248	0.043061319871731424	0.8730484523838202	0.8598050649550771	0.8716705027352507	0.04209133067602363	0.8642632511654442	0.8870895060563586	0.9543282749724378	0.04468452740232105	0.9375312119734128
0.9313662961133411	0.8988914094225235	3.4509881509739604e-28	0.8946503616763873	0.8307895097760899	0.8833659270593457	0.03956530522822517	0.852716827177156	0.8544193189323361	0.8725320372905212	0.04676489428150238	0.8580905398235342	0.8517199656414403	0.8710893793748661	0.048261871774195414	0.8580841939488859	0.8521128946251649	0.8702494849268348	0.04881582785035602	0.8584072281871268	0.8521575986494393	0.8697479477637418	0.04890691069702314	0.8586930293115271	0.8520551463533289	0.8694567418575498	0.04873303318005956	0.8627481926499454	0.8498870908552091	0.8587139740631484	0.047445742333128774	0.8528200876619649	0.8771538519875144	0.9482902379689981	0.05044884082169151	0.931366297229652
0.9246257742213561	0.889401502030882	3.639317240832909e-27	0.8838736520039145	0.8173742973308159	0.8737492665140334	0.044096663947497956	0.83963243212003	0.8444999452124448	0.8605890776935035	0.052793902048838284	0.8455961310147627	0.841255049716759	0.8586916572427908	0.054720887298034926	0.8456965463266207	0.8417578808783651	0.8574903708820149	0.05549194666582921	0.8461738403681278	0.8418367580744152	0.8567795334160032	0.055624265999503514	0.8466291132128552	0.8416240938559063	0.8563136448901313	0.05537329111688048	0.8517278478585978	0.8396558668058196	0.844317812045022	0.05366387713899507	0.8405898244771489	0.8665238619656871	0.9412626476791636	0.05711996409655907	0.9246257754751679
0.9172726001862218	0.8790994213866546	2.570013839349537e-25	0.871870949028155	0.8032693065454231	0.8634129574384618	0.04931583902364544	0.8253159027198314	0.8342560889208098	0.8474785104027547	0.05981992664346149	0.8318721835707196	0.8303925138199929	0.8449816571802639	0.06229254388302595	0.8321460467466286	0.8310280133330653	0.8432738809287104	0.06335786244139241	0.8328492156601172	0.8311596839161598	0.8422683140451797	0.06354728105532267	0.833562075694152	0.8307894269846742	0.8415557129617371	0.06318706542175485	0.8399479094113977	0.8291810928564372	0.8282910340918942	0.0609180707943856	0.8275547513668078	0.8552021386539006	0.9330490014776807	0.0648678933437263	0.917272601213951
0.9092707711932198	0.8679398347554956	6.552727492813495e-29	0.8584681950761655	0.788518818510407	0.8523002584185926	0.05537053930353135	0.8096026346666949	0.8237265396085817	0.8330838806861791	0.06804869758949571	0.8167342002001455	0.8191732435692731	0.8298021971894883	0.0712065605476159	0.8172768844558136	0.8199653064291086	0.8273939718578337	0.07266433151369334	0.8183072786664907	0.8201760150364795	0.8259765961342237	0.07293074810874833	0.8194035163160326	0.8195883695725465	0.8249227811407858	0.07241807274593956	0.827365459460743	0.8185436647244858	0.8104153405003347	0.06941241759273999	0.8137007392822454	0.8432021666546826	0.9234130725519798	0.07389402128311133	0.9092707723358785
0.9005861356716378	0.8558798114657198	1.3841695661397695e-28	0.8434657894145589	0.7731805326630853	0.8403485845125904	0.062438994068009526	0.7923013013340758	0.8129497062471094	0.8172886978926451	0.0777202490649631	0.7999682654117628	0.8076409092288863	0.8129919356208686	0.0817252024847172	0.8009127895660253	0.8086126742380265	0.809631928012081	0.08369526357074167	0.802409829425087	0.8089381493092349	0.8076460208460323	0.08406226496234531	0.8040627073576159	0.8080601380555564	0.8061292361260961	0.0833414638625983	0.81393668152976	0.8078327475393949	0.7904524999125493	0.07937738492785422	0.799018092996474	0.8305488341995221	0.9120792578644212	0.08442900075585698	0.9005861370963207
0.8911876054517613	0.8428816920226135	2.0073585293745706e-27	0.8266493335870557	0.7573245010128551	0.8274954847796733	0.07072261495666683	0.7732080670979208	0.801959156008241	0.7999926416925607	0.08909344086701498	0.7813487747262173	0.7958367566913199	0.7944087326696632	0.09412059429426081	0.782875316943444	0.7970074861276306	0.7897850915375072	0.09674051115216944	0.7850230486134798	0.7974944614947826	0.7870280652725093	0.09723411435972738	0.7874600765301869	0.7962402013997841	0.7848944758363382	0.09623820860897618	0.7996237564519076	0.797140123076112	0.7681670130484108	0.09105007395782579	0.7835038743376284	0.8172779001994792	0.8987442847202773	0.09672001269688271	0.891187607177951
0.8810491313374731	0.8289184194088856	3.8384322348932566e-25	0.8078177272321365	0.7410307329110734	0.8136919101148606	0.08042257574560545	0.7521416600759643	0.7907775857920609	0.7811402483941241	0.1024068838694343	0.7606797064803082	0.7837916817686048	0.7739719207255221	0.10862358644292583	0.7630235654785565	0.7851719798106378	0.7677205380832505	0.11203711556686938	0.7660511797298486	0.7858788048032216	0.7639432822359402	0.11268356393549792	0.7695524928789124	0.7841512098212828	0.7610031071189552	0.11134045998316411	0.7844082804167394	0.7865507068206792	0.7433730003272788	0.10463123453239714	0.767166804964274	0.8034339274905529	0.8831095078140725	0.11099959356203722	0.8810491329320936
0.8701529326316387	0.8139823316770897	1.3444730212346948e-26	0.7868359163772967	0.7243852866810063	0.7989248921036302	0.09169233116975051	0.729006910874853	0.7794096552106617	0.7607633346244312	0.11780683079122681	0.7378667800469701	0.7715162133093516	0.751725050470586	0.12533535510583532	0.7413207848857714	0.773101373062287	0.7434560480815309	0.1296709050003222	0.7454908966228014	0.7740969781876706	0.738373151248983	0.13049413100252394	0.7503720065430971	0.7717910717161326	0.7343998079654551	0.12874080409180422	0.7683123300836068	0.7761287630241077	0.7160110414963965	0.12021259062601422	0.7500357577724966	0.7890664905643154	0.8649427462337239	0.12742906769126686	0.8701529341293197
0.8584943453573171	0.7980971471109831	2.5307639314262434e-27	0.7637096809146743	0.7074753823003149	0.7832466877283997	0.1045673140972651	0.703880223007599	0.7678357942420438	0.7390281123536065	0.13524852908990945	0.7130106875618475	0.7589914419642718	0.7279046928216187	0.1441140931092669	0.7179167103243422	0.7607534609119941	0.7172502406954171	0.14945447438775863	0.7234961568170883	0.7621141862282765	0.7105656888976742	0.15047456073554935	0.7300702263128636	0.7591217115307821	0.7053016200168912	0.14827973462593413	0.7514232729589615	0.7659017691316715	0.6862440138685815	0.13768411610861506	0.732171306755425	0.7742254325696999	0.844167678235329	0.14602010512501756	0.8584943453585329
0.8460880345477793	0.7813301145102968	6.088921866248396e-26	0.7386591515570095	0.690385291874044	0.7667992379427456	0.11889291131772835	0.6770858291116475	0.7560107360117977	0.7162644334000218	0.15440597489074664	0.6864846419534483	0.7461667322516214	0.7029807948602498	0.16448284627309373	0.6932099444082624	0.7480468300731562	0.6896576938146266	0.17083403476148384	0.7004238089926336	0.749851244559136	0.6811058591466882	0.17206804162391223	0.7089470320409426	0.7460656557226585	0.6742791191129008	0.16945821982136067	0.7339110653641209	0.7558476762804716	0.6545340849902371	0.1566571614931981	0.7136768716818422	0.7589574602527285	0.8209551883500964	0.1665589998858973	0.8460880367498453
0.8329743475349417	0.7637986051131131	5.06443896871541e-29	0.7121498671537523	0.6731955695885907	0.7498159662533669	0.13429115090429333	0.6492130868322373	0.7438709388682669	0.6929473071934176	0.1746498417084782	0.658940900481187	0.7329701498630528	0.6776242938387779	0.18562999857218515	0.6678397751096524	0.7348747510253002	0.6614923128514326	0.19290285808582214	0.6768196212931231	0.7371975041830443	0.6508856706564954	0.1943682235608797	0.6874360094806982	0.7325181711106741	0.6422393933506035	0.19144497449385306	0.7160228744050046	0.7458938337670603	0.6216442355278727	0.17645945381071423	0.6947033618954923	0.7433073042519914	0.7957672025072378	0.1885777612753024	0.8329743489976008
0.8192239164438418	0.7456662971777336	1.510943286436258e-29	0.6848448926160043	0.6559873747874087	0.7325902587379943	0.1502035708460655	0.6210372622003278	0.7313513805049071	0.6696206613574208	0.1951388991539315	0.6312098430562672	0.7193318173121589	0.6525891099461576	0.20654664911090403	0.6425786969204775	0.7211346562436277	0.6336817432216374	0.214563317853433	0.653324385916955	0.7240408278972004	0.6209502113207945	0.2162811687757213	0.6660340318114147	0.7183759674635479	0.6102814475813509	0.2132156086803779	0.6980474345115856	0.7359322998623545	0.5885330904702435	0.19623526365892385	0.6754425113918975	0.7273250961782434	0.7693115268733959	0.21140581279058826	0.8192239180626945
0.8049394243319976	0.7271301924046378	1.499924623685e-30	0.6574900909727407	0.6388505094503635	0.7154206652703556	0.16600141709508195	0.5933694737025015	0.7184067832303038	0.646791423725243	0.21499837431621466	0.6041280148322049	0.7052118645937949	0.6285527247960347	0.2262552054746401	0.61816620846576	0.7067627193564401	0.6070679445585937	0.234781030779013	0.6305367131034261	0.7103036564636263	0.5922763548583888	0.23677656657559262	0.64520230594826	0.7035728955310298	0.5794746051626231	0.23377710604624974	0.6802629898939201	0.725847466121033	0.5561760650746295	0.2151207614591041	0.6561109204548864	0.711078026990764	0.7424144911034523	0.2342913163146071	0.8049394261678456
0.7902550199889713	0.7084060031891215	1.0986151580820183e-30	0.630786499488542	0.6218914960698537	0.6985615676843802	0.18111069034813143	0.5669077887740177	0.7050298001169315	0.6248479185762168	0.23349823387289312	0.578379687832731	0.6906214406029955	0.6059959971852042	0.24401579408111304	0.5951662387919582	0.6917593866759695	0.5822548073554203	0.2528036270895694	0.6089011776211849	0.6959700322571701	0.5655949542729061	0.2551022172952443	0.6252876386840542	0.6881083711512106	0.5506686327297942	0.25236650134750443	0.6628951677833441	0.715544874336216	0.5253996478903021	0.23240961288461875	0.6369329975586909	0.6946614472385421	0.7158741675370933	0.25653325961721346	0.7902550216270781
