1.682435332102485e-26	0.03524600165812315	0.9771053467803459	0.02263181181006836	0.031542715609221846	0.029789346318418994	0.9405022053787387	0.02019848552409359	0.028759349473225213	0.03296131605414763	0.9423813896842699	0.01799680859445108	0.03537578394995645	1.8297828278607047e-26	0.9590049445850785	7.542226513100252e-27
3.3399159106267204e-24	0.03867216879849899	0.9745106865720693	0.025169580858861753	0.03424316979665557	0.032191784950432734	0.9346173963825303	0.02226693904062948	0.03096461002133866	0.035977308083470355	0.9368076763235954	0.01959224554121804	0.03882881713762328	1.797484088827892e-24	0.9548042917665588	4.4585942512099035e-24
5.867025320827155e-25	0.042445804596098494	0.9715676271239195	0.02804269776643571	0.03714866780293493	0.03475649003325072	0.9280941833564276	0.02458053396276044	0.03329373289667122	0.03927307839249821	0.9306389037633597	0.02132698446818294	0.04263506288232205	8.097053213897868e-22	0.9501172407259115	1.3211596189163253e-23
6.314159293525933e-23	0.04659665991563443	0.9682241135620133	0.031300140483778494	0.04026306150980132	0.037485024055043045	0.9208627175757133	0.02717217312550627	0.03574105819560064	0.04287058017762208	0.9238074603269727	0.023210603818725025	0.046825480358152705	2.368936939939984e-21	0.9448836228286407	1.654478929666145e-21
9.521521341653869e-22	0.051155026277531976	0.9644201048748667	0.03499815256345987	0.04358704786567879	0.04037738907446641	0.9128461612930107	0.030079772755405246	0.038298166632447755	0.046792853718470216	0.9162371565127878	0.025253008681372466	0.05143180422509638	1.1496933272119807e-20	0.939035659335129	3.9180142236652863e-19
1.3614981203450652e-23	0.05615113938895523	0.9600865926488739	0.03920106555743732	0.04711742402770623	0.043432076830507566	0.9039603325756201	0.03334702741927088	0.040953780069989	0.05106416379971251	0.9078419345174927	0.02746454275210568	0.05648598751912953	6.338966066129709e-25	0.9324970090346145	1.4884715364698913e-23
3.3205832438710573e-21	0.06161441874846767	0.9551448608943404	0.043981855731515994	0.05084632788675427	0.046646151688544114	0.894114120788865	0.037023691429734426	0.043693896869498566	0.05570993586615972	0.8985256632103783	0.029855881922819447	0.062019477031371825	9.310528209009867e-21	0.9251826146277377	6.197543309390386e-22
2.6093684106270206e-21	0.06757252162644901	0.9495058403601476	0.049422575661423766	0.0547604867242692	0.05001554452437998	0.8832098291565321	0.04116627304399937	0.04650198218030841	0.06075697141315872	0.888180972320565	0.032438228515652624	0.06806231987345951	4.625708183804694e-21	0.9169979841209767	4.226806929855821e-20
5.79614611961265e-24	0.07405020646031316	0.943070041677538	0.055614185082242494	0.05884054554047635	0.05353534609668663	0.8711447389874827	0.04583800835231097	0.0493594745664534	0.06623336316708218	0.8766897434242895	0.035223219805489786	0.07464206842071454	1.6375186195520091e-21	0.9078397760091703	1.8259471232494638e-21
3.1303599512934818e-24	0.08106799990960467	0.9357287072219386	0.06265516046181195	0.06306058369300446	0.057200076660153525	0.8578144687583502	0.05110782610428951	0.05224647595319375	0.07216815793481618	0.8639252128614003	0.038222677247936945	0.08178249769284349	4.070366822045421e-21	0.8975974240599331	1.8334406236949556e-21
9.065312455941912e-24	0.08864067841936427	0.9273658948072553	0.07064917516009145	0.06738787969267368	0.06100391034175196	0.8431173540038206	0.057048918348568914	0.05514257504963135	0.07859067611832078	0.849755286446688	0.04144827359738268	0.08950213658561963	7.440762190961243e-21	0.8861560709779807	1.6857276912883454e-20
9.056350394349624e-27	0.09677558959231071	0.917863278112395	0.07970013429927171	0.07178313731506808	0.06494053446236953	0.8269624555797177	0.06373490192295769	0.05802788974472835	0.085528882169737	0.8340501107641634	0.04491058142229772	0.09781262453249895	1.3991784181264875e-21	0.8734023582082271	8.16152593631011e-22
3.0229759038852574e-25	0.10547084715155024	0.907107292487578	0.08990497354298356	0.07620126029985806	0.06900267158113342	0.8092798140062591	0.07123443752395243	0.06088414172929115	0.09300674795389118	0.8166928373833899	0.04861773912456448	0.10671692236806807	3.250048227608524e-21	0.8592329228384936	3.914855602121121e-21
7.500036398053906e-24	0.11471345413435875	0.8949998507416533	0.10134310082317571	0.08059286518419366	0.073181045634406	0.7900341865233954	0.07960315244363327	0.06369572883392999	0.1010400829496905	0.797595358682243	0.05257341626833182	0.11620740644072132	8.328466798416678e-21	0.843566559333695	5.283654455750206e-21
5.0293954225690347e-26	0.12447742215710308	0.8814724093844998	0.11406279585139413	0.08490659075067308	0.07746284335132164	0.7692410936324218	0.08887323846602332	0.06645068684127173	0.10963075304499162	0.7767183391029034	0.05677418175647631	0.12626387566925462	6.1903161647124206e-21	0.8263597498102015	4.3064367064940236e-21
5.472781488798748e-24	0.13472197939515232	0.8665026091898362	0.12806544372753828	0.08909215912965317	0.08182986340695772	0.7469833744045489	0.09904148240025866	0.0691413983826126	0.1187595540475398	0.7540938803436362	0.061206535722243424	0.1368515244609301	9.819562370506908e-22	0.8076243253495992	6.1850418308189e-22
9.735777700888524e-29	0.14538999678783623	0.8501314732007843	0.1432896818447081	0.09310393719549245	0.08625676326091233	0.723425157676298	0.11005743911949824	0.07176494892918493	0.12837866016911229	0.7298473580723854	0.06584409727338872	0.14791895700510013	2.1710625799313134e-31	0.7874447704625073	7.059635226388851e-26
9.39171782665174e-31	0.1564068122153394	0.8324777180268979	0.15959888196145003	0.09690451029872248	0.09070999477513103	0.6988190219900667	0.12181461280806741	0.07432296167471193	0.13840530683303773	0.7042130257709751	0.0706457911479902	0.15939639238645925	5.9023520668565515e-28	0.7659912604979775	7.314936294429684e-28
1.3562767636051483e-30	0.16767966961369873	0.8137453212469736	0.17677571054049052	0.10046761702448681	0.09514800080690812	0.6735027717102594	0.13414745936290667	0.07682083883650766	0.14871885344350508	0.6775378253800003	0.0755557886201758	0.1711942832804864	6.588212474725878e-24	0.7435242326082423	2.868725804087456e-27
1.393936360409112e-31	0.17909800393880282	0.7942208288199841	0.1945270659584416	0.10377974376192994	0.09952299105354107	0.6478837139422026	0.1468367825949334	0.0792663195943261	0.15916319917043062	0.6502689739530442	0.08050580842924801	0.1832026483176267	4.286677251408367e-24	0.7203872106173972	1.4728047376128785e-28
6.980224456677726e-29	0.190534742167617	0.7742592044967652	0.212500356041451	0.10683988079351078	0.10378408912146017	0.6224119397616394	0.15962384969215995	0.08166739643489435	0.16955537583616132	0.6229250968605845	0.08541964995000499	0.19529142276869924	2.10232400217262e-24	0.6969874628636211	4.186381775568471e-27
6.274283166816203e-33	0.2018486706588068	0.7542600744836284	0.23030908713158102	0.10965731398050123	0.10788109726637057	0.5975474818444205	0.17223113099593487	0.08402973464019457	0.17969932087651747	0.5960555456562374	0.09021907310716576	0.2073120570248704	1.523072985194886e-25	0.6737676160584107	1.5162888911680007e-26
1.550397137203527e-30	0.21288776938933018	0.7346390435119208	0.2475630323918967	0.1122477771384358	0.11176783171791582	0.573728255220604	0.1843854021122853	0.086353874824579	0.18940209723986123	0.5701964311494947	0.0948295640538372	0.21910044890805044	5.015559602344003e-27	0.6511741132118866	2.2607753882656963e-27
1.0783600650362674e-32	0.22349330704465004	0.7157997752497809	0.26389730040239556	0.11462863877505329	0.11540412862816693	0.5513449493687406	0.19583848273918314	0.08863259116971478	0.1984890300435171	0.5458325481019994	0.09918455732202668	0.2304811439323449	1.223271154172255e-26	0.6296289684384861	6.657013204808249e-28
1.3094665457551032e-30	0.2335044549672892	0.6981115664930084	0.2789955352168239	0.11681397920738508	0.11875615053946673	0.5307262167524183	0.20638204835766924	0.09084882722539737	0.20681477201912113	0.5233717151075504	0.10322727982894458	0.24127262579913317	5.6688685674610016e-27	0.6095094702504319	2.063035744751193e-31
5.1100317888430374e-33	0.2427631925963549	0.6818948412447061	0.29260458890617386	0.11881042417219222	0.12179526392299656	0.512134067118121	0.21585509145659165	0.09297462187797072	0.2142688135166058	0.503133608314115	0.10691028141193343	0.25129343493180956	4.8414726166127885e-27	0.591137426880688	7.560556578520111e-32
4.056514216925456e-33	0.25111927823487734	0.6674146237731768	0.3045401405670762	0.12061448310803108	0.124496213492325	0.4957669882242301	0.22414457549661526	0.09497137104954126	0.2207756061469818	0.4853512046799296	0.110193479548807	0.26036874682224653	5.6825028737692675e-28	0.5747767882497614	3.159210159393221e-33
3.61727797027256e-33	0.25843500516235823	0.6548805050943722	0.31468416739162186	0.12221190858136481	0.12683543557761906	0.48176762660938205	0.23118091096137	0.09679163338209584	0.2262905841339131	0.4701808835682949	0.11304187551888614	0.2683368910160724	4.530310153137612e-28	0.5606370011929718	1.550830021367238e-31
3.021141593587747e-33	0.2645893815345772	0.6444510657398228	0.32297587036668096	0.12357924601974744	0.12879015848167547	0.4702324730497032	0.23693007362804586	0.09838247135950576	0.23079372876364393	0.4577171162922563	0.11542394327310435	0.2750551572622838	1.3223181694340353e-28	0.548879318018922	8.97330686725456e-32
3.9594730455441924e-33	0.2694813532953702	0.6362408200970017	0.32939798495997386	0.12468731127358806	0.1303385707944547	0.46122201824949705	0.24138391755214522	0.09969004145846064	0.23428213494653682	0.44800863660819185	0.1173112143675438	0.28040424271503306	3.741673464345224e-29	0.5396239409877803	4.810443271358633e-31
6.651555985179059e-32	0.2730318192858994	0.6303280800667536	0.3339606705597732	0.12550591917514214	0.131460949229205	0.45477057267264126	0.24454994944721264	0.1006648732650223	0.23676265738009872	0.4410740699898522	0.11867903201603777	0.28429093954752543	2.695558649168004e-28	0.5329567217287885	4.01151511541492e-32
