4.436224685772039e-27	0.035242075340139116	0.9770289520901287	0.02270753143559021	0.03148722683573291	0.02988744011902517	0.9401773521101527	0.020531707732728353	0.029256643637567078	0.030687935415018526	0.9400144900504307	0.020468605453951613	0.029370025111160273	0.0306863726665719	0.9398895711188813	0.020384132485777275	0.02942007657953248	0.030595643187562475	0.9401123461357969	0.020118208081768982	0.0288702870993469	0.0329673617795687	0.9421587228299084	0.017970953691851397	0.035371745388600766	1.3188226527528272e-31	0.9589563571559503	4.649636888679091e-27
1.3765844217485618e-26	0.0386680226258501	0.9743985100722218	0.025280635338368267	0.034166349108966466	0.03230835691412577	0.9341824740113007	0.02271223389820316	0.031594490391038475	0.03334052849508821	0.9339163015339415	0.022626449546057383	0.0317312058207178	0.033339956748369974	0.9337618546551816	0.02250671143564001	0.03180134152243326	0.03323660635579381	0.934047225429826	0.022159349169168698	0.031099181103396427	0.03599059781036407	0.9365103017640861	0.01955677797375862	0.038824500487434445	7.366084069327302e-22	0.9547308253138004	9.045727346603503e-29
2.024583576272937e-24	0.04244206800547405	0.971402507939755	0.02820594624498538	0.03704255531641977	0.03489324043838665	0.9275095485815861	0.025177658183593184	0.03408954740841694	0.03622333538821208	0.9270991906088354	0.025060840124963422	0.03425256232673268	0.03622513815624022	0.9269088679357264	0.024891092928073514	0.03435067897265522	0.036111360400628026	0.9272740435357298	0.024436748781750464	0.033455639248473994	0.03929927523130858	0.9302392369320788	0.02127852801709848	0.042631065128028646	1.7778954162284462e-20	0.9500059340713577	1.9467708409291766e-22
1.4362385399277927e-21	0.04659457287898286	0.9679806181752261	0.031540510161361605	0.04011691771387452	0.03764291082805018	0.9200737390555872	0.027975592727170834	0.03674338328554554	0.03935518613635914	0.9194648231335479	0.027816331427139466	0.036935070281549805	0.03936187458179266	0.9192310694199637	0.027575816390993105	0.03707199768518694	0.03924292903096738	0.9196976470120489	0.02698089264692227	0.03593395923415068	0.042919142314578856	0.9232666649478418	0.023144743904669054	0.04682299206487965	3.9172622264872813e-19	0.9447147950697691	1.3421959386870886e-20
3.1725193896574496e-23	0.05115683653570235	0.9640606179343472	0.03535241113145816	0.0433864968965491	0.040556108210912614	0.9117774946094614	0.03116414837816067	0.03955587664720821	0.04275725233735408	0.9108983599563897	0.030946903424683744	0.03977738572419703	0.04277321249432915	0.9106121625707928	0.030606507780289314	0.039967855522024004	0.04265920949622443	0.91120705877718	0.029826876222871414	0.038525359620284264	0.04687930382426025	0.9155003201551031	0.025164084104729836	0.05143299560692778	4.7065726902267324e-20	0.9387794888577506	3.163724573506652e-21
4.517197903405847e-24	0.056160703859113086	0.9595557636210907	0.039723151674756534	0.04684339486657089	0.04362934360350276	0.9025082960866517	0.034814519598290725	0.042525105894060625	0.04645378320780069	0.9012654533825497	0.03451821050319676	0.04277547695947984	0.04648644094399439	0.9009159504449852	0.03403734525312481	0.043039334700651834	0.04639488399172827	0.9016724224770954	0.0330151949705315	0.041217770877220235	0.051213456257152776	0.9068315261622432	0.027345365965056274	0.05649459209188032	1.4065809555196746e-21	0.9321088402350461	1.2966127724427363e-20
3.2984148284258535e-22	0.06163808488153471	0.9543616113110271	0.044750508524441075	0.05047376081330585	0.04685685900649735	0.8921361196346785	0.039014073907277964	0.04564733817669567	0.050473051564940356	0.8904089455728733	0.03861024012799719	0.04592229618587975	0.05053463715002902	0.8899828368807048	0.03793273105722507	0.046285978036309156	0.05049396885878115	0.8909415025349681	0.03659264402607515	0.043995762504813574	0.05596169055517014	0.8971315265435637	0.029697682500264076	0.06204164874929527	3.884066967363975e-24	0.9245956364090356	1.5576750618660242e-21
1.185134900372284e-23	0.06762038371227885	0.9483524728765695	0.050551652160464325	0.0542568119459266	0.05023067792173789	0.8805110750922865	0.04386967395735922	0.04891715219946307	0.054848457877434593	0.8781458903014746	0.043320111300960626	0.04920754207726612	0.054958569727623356	0.8776265511376203	0.04236894306762104	0.04970580214283442	0.05501296456466073	0.8788363055896341	0.0406131811689211	0.04684065174245619	0.06117283211186533	0.886247605454108	0.03223054230946287	0.06810784130518524	1.5626851131258078e-25	0.9161136737056209	9.847682514287229e-23
2.043647941034889e-22	0.07413783404879037	0.9413778308752538	0.057266184436120825	0.05816396504254925	0.05374069927474646	0.8674618866730618	0.04951078344154869	0.05232774833556744	0.05961960767759381	0.8642658368773322	0.04876457881431394	0.05261758660721432	0.05980875185211595	0.8636320450472796	0.04743543042685255	0.053295419806569995	0.060024400713027296	0.8651506379863405	0.045138617917369075	0.049730823519684546	0.06690724439765595	0.8739995714362214	0.03495402583790914	0.07472600673671018	1.2092232476817375e-19	0.9065149651538461	2.3532782748299827e-20
9.158667864050184e-22	0.0812187297794275	0.9332594093909881	0.06505838273838979	0.06215822281995625	0.05737476682628999	0.8527963246162782	0.05609146545798511	0.05587153715906872	0.0648331423811165	0.8485317918792353	0.05508135308808949	0.05613567696724474	0.06514735618610618	0.8477560160246728	0.05323504440257571	0.0570502998907619	0.06562039771723646	0.8496499283881103	0.05023874257558322	0.052642284716273115	0.07323985762872785	0.8601775991147239	0.03787887045156805	0.08192737442398991	1.8034902132607862e-27	0.8956277702844956	3.3275827805793397e-22
1.1028055922108929e-23	0.08888852002983623	0.923790739417809	0.07411684250952229	0.0661940657868452	0.06111848165264888	0.8363062910431227	0.06378897795531895	0.05954115393745587	0.07054254946711987	0.8306874957213792	0.062427065472527805	0.05974258814404548	0.07104880500154435	0.8297338657848475	0.05988164678175673	0.060965219770259586	0.07191477188558767	0.832076911898084	0.05599008645160962	0.055549446011071216	0.0802622521613498	0.8445444659185184	0.0410162646451802	0.08974062960373203	1.2063176269068991e-20	0.883257625278236	6.420447122391814e-22
1.3311912744470965e-23	0.09716870302323138	0.9127419088119036	0.08464893281848701	0.07021818519189695	0.06495448882728257	0.8177807684342122	0.07279601914597629	0.0633310533410644	0.07680591447091824	0.8104750891843342	0.07096911443697465	0.06341793494109935	0.0775973342893562	0.8092975750137344	0.0674929987430956	0.06503497609667254	0.07904146300349527	0.8121676163662771	0.0624722071339357	0.05842609803180767	0.08808202394118779	0.826845966943341	0.0443770853619785	0.09819071332784333	3.172526071863024e-20	0.8691937248835031	6.776221632364567e-21
8.002000068772706e-26	0.10607540036138773	0.8998731992074037	0.09686659550630683	0.07417146988211881	0.06886096861863111	0.7970303428317056	0.08330277294556634	0.06723987713569757	0.08368028868131158	0.7876677839663936	0.08086790216931702	0.06714235613650708	0.08487930588189257	0.7862094528638545	0.07617648397614037	0.06925540682485351	0.08714625190947853	0.7896824922582416	0.06976015757196045	0.06124651841773297	0.0968167208508828	0.8068342138102296	0.047970161363213866	0.10729721624502736	5.688439395351928e-21	0.85322474413779	4.011881821178282e-18
2.7815989318931332e-25	0.11561742514828091	0.8849627789174606	0.1109587836103734	0.07799272735993255	0.07280907495123846	0.7739278444811386	0.09546361962753358	0.07127366101223825	0.09121084245566541	0.7621231643375143	0.09224490297357865	0.07090068600875601	0.09296693962084808	0.7603181155461943	0.08600449313281686	0.07362473408016211	0.09636716288700112	0.7644593675674382	0.07791126447090982	0.0639866197510944	0.10657831831727343	0.7843103224001517	0.05179904658735997	0.11707213562510214	2.833864908824779e-20	0.8351684014964612	1.3384663444727432e-20
5.419336843805708e-21	0.12579363738749874	0.867850753150058	0.12704883891833835	0.08162428775941877	0.07675961329247158	0.7484637713553135	0.10934790228998408	0.07544950619075694	0.09941419043861408	0.7338547242265868	0.10513668246945003	0.07468582039024724	0.1018920493368164	0.7316345759444952	0.09697990768106154	0.07814502009076803	0.10680097126034395	0.7364870640104569	0.08694615862931182	0.06662502310367942	0.11744546289680917	0.7591875696653311	0.05585720592578388	0.12751675382901467	4.272035132589634e-22	0.8149167875851201	3.822628181929206e-19
9.315208415311112e-21	0.13658944136110224	0.8484960779080544	0.14514086748609048	0.08501900331860221	0.08066013566837156	0.7208068472513873	0.12488133962102604	0.07979859856189388	0.10825808049166352	0.7031079868704185	0.11944201719466964	0.07850237411154395	0.11161292192113098	0.7004137695693156	0.10899750426691472	0.0828232261458999	0.11845857260263863	0.705986450515546	0.09682667389755624	0.06914397880684367	0.1294250489156506	0.7315661658858172	0.060122258875850036	0.1386175195848355	2.4662987638077134e-22	0.7924922636334231	2.085843073258025e-19
2.4103272026831062e-21	0.14797253711236713	0.8270320211661105	0.16506945380589239	0.08814709247269054	0.08444453066818443	0.6913480114426854	0.1417965078326439	0.08436679504571133	0.11764362031710433	0.6704123731903533	0.13488022870963667	0.08236849639078037	0.12198437760527792	0.6672104081545243	0.12181541326461572	0.08767098816816536	0.13122102225624638	0.6734691860440348	0.10743785599196681	0.07153008156910493	0.1424125273629334	0.7017959217008485	0.0645512373131607	0.1503411488281694	3.9515897140844175e-27	0.7680983435386575	3.5046530430209225e-19
2.3595921727256187e-23	0.15988845686105896	0.8037957831256177	0.18647606414965323	0.09100038397110756	0.08803742422023844	0.6606990234353993	0.15962044090832164	0.08921058294473168	0.12739985023804007	0.636570993803619	0.15098716300575565	0.08631408639436723	0.13274776309446853	0.6328677117439505	0.13505630213890132	0.0927021363793723	0.14481713176097724	0.6397335974776827	0.11858466646762726	0.07377478831010281	0.15616872581475055	0.6704916345074248	0.06907983163415085	0.16262965914507393	1.6019841352345402e-21	0.7421409727776518	3.5144843944711537e-19
7.828459013671796e-25	0.17225675768384938	0.7793111242734359	0.20883135376007655	0.09359189982164028	0.09136396381487442	0.6296300190684194	0.17771865582015856	0.09438776808442453	0.1372979982338324	0.6025698358584838	0.1671649562954724	0.09037471349917624	0.14355427572080018	0.5984182998016082	0.14824987798681	0.09792762171369412	0.158841493328534	0.6057747450473514	0.13001037054014197	0.07587478342076848	0.17033074297294334	0.6384761089531003	0.07362768862883119	0.17539644508763605	4.6764268022551635e-24	0.7152002373959883	1.3732280230775573e-21
5.669221605034822e-25	0.18496878296534552	0.7542211343138598	0.23150433599595202	0.09595047784365184	0.09436264851884828	0.5989578830670338	0.19539173610904842	0.09994428929041949	0.147084289131356	0.569424386039515	0.18277867261066505	0.09458252546539857	0.15402088057290572	0.5649170619499002	0.16090980806920627	0.10334865771648508	0.17281528405688318	0.5726253734396615	0.1414339929909016	0.07783217672090265	0.1844612616843464	0.6066575929989715	0.07810914533837013	0.1885243957942018	2.4456348154936234e-23	0.6879535134326011	1.0829054526244428e-28
2.0684312661873618e-26	0.19788748449017932	0.7291954007611164	0.2538537841998294	0.09811254771272154	0.09699636290462796	0.5694272343338491	0.21199006502779139	0.10590063532606263	0.1565190332261689	0.5380214486254368	0.19726424080827995	0.09895691611958148	0.16379861767730267	0.5332699464501536	0.17261671106867293	0.10894990914739537	0.1862680111188268	0.5411881018812724	0.15259237883784488	0.07965439722740053	0.19811966149638371	0.5758870805680781	0.0824453677194193	0.2018664447978422	4.210903911456194e-26	0.6610779790742836	4.590044003405846e-29
8.230827625325976e-30	0.2108492863609707	0.7048466993358244	0.27530813688823985	0.10011408683675234	0.09925744375096857	0.541627248350042	0.22700531713937566	0.11224114306410735	0.16540692641089644	0.5090137567750155	0.210207984816077	0.10349742557798959	0.17262691611100303	0.5041227163047494	0.18307632586241565	0.1146945564803343	0.19880841713025738	0.5121221967090805	0.1632702564879264	0.08135351725790275	0.210927767094284	0.5468496472069934	0.0865731058039014	0.21524828978443866	1.907910828475714e-21	0.6351692556935375	1.7300543134416664e-28
2.1433049200727823e-26	0.223667704149501	0.6816816849650316	0.29541157904742243	0.10198482339959347	0.10116554261111976	0.5159640098160813	0.24011451069206596	0.11890775881590589	0.17360982594284613	0.48279212746402417	0.2213770893448429	0.10817963670619474	0.180357342284705	0.4778369394058702	0.1921376484049133	0.12052212628969318	0.21016266380671556	0.48581396291183426	0.1733097833386335	0.08294469769163716	0.22260948736653124	0.5200200679343412	0.09044745011239252	0.22847278550625327	2.0306091785460476e-22	0.6106992058819716	6.523348342454904e-31
1.0711247682545564e-31	0.2361384801869043	0.6600884102677333	0.3138349232726157	0.10374499367938614	0.1027600664074927	0.49267898469267274	0.25117877753791995	0.12579819695705732	0.18104335212330638	0.4595204238920118	0.23070662952680032	0.11295335463988343	0.18694735917668565	0.45453590335498784	0.19977668837327395	0.12634892836280665	0.22017794495091325	0.46241623843859075	0.18260260406020068	0.08444356677339843	0.23299995998308365	0.49567738674700434	0.09403920947150632	0.2413257032335308	2.5911597316005806e-23	0.5880127426090327	2.3247067681827117e-29
1.1097365152701274e-26	0.2480461086973977	0.6403486272670414	0.3303635024895489	0.10540390025609535	0.10409021451933603	0.4718903569925079	0.260214231529804	0.1327679764921567	0.18766469394658483	0.439200267773782	0.2382627258443499	0.11774218796981696	0.19243583644911338	0.43418214666323585	0.20606242002279945	0.1320704975465483	0.2288036472668302	0.44192065806879477	0.19107388500926226	0.08586264008818334	0.24203255253071548	0.4739523182974282	0.09732940996985115	0.2535827882578964	1.9090736719526512e-24	0.5673487616188158	1.0863174896998442e-29
1.7030422627510944e-30	0.259171586761726	0.6226601955885644	0.34487593029575864	0.10695949946490207	0.10520522867619275	0.4536366956391405	0.2673525827011831	0.1396362184809818	0.1934589764088855	0.4217368180634263	0.24420014506985657	0.12244447485043611	0.19691319115504977	0.4166532851047351	0.21112032264581573	0.1375655853664064	0.23606430463787212	0.4242300801868663	0.19866727948014623	0.08720728828876065	0.2497153936096448	0.45488125377112143	0.10030343068033945	0.265018021143693	2.0116765039416407e-23	0.548868961295821	3.155054271837658e-32
9.94434048557732e-32	0.26930101421190283	0.6071595440983363	0.35732252016916316	0.1083987438933079	0.10614653699834131	0.4379119283107951	0.2728021505282587	0.14619538333767987	0.19842838289714085	0.40699042750165193	0.24872456425301823	0.12693635785768256	0.2004946139956234	0.40179856680927856	0.21510212477168045	0.14270158224864993	0.24203374369925026	0.40921347604646485	0.20533561051147645	0.08847214785636114	0.2561063220595939	0.4384508646549865	0.10294638968770922	0.27541269597727924	5.781485377478736e-26	0.5326840373009605	9.408914248668896e-33
3.5280114364844935e-33	0.27823437356717257	0.5939397757223935	0.36770649843881226	0.1096988347343615	0.10694271033851245	0.424688881824378	0.27681320876481674	0.15222471979168561	0.20258496688735225	0.3948107537372111	0.2520624050812615	0.13107795222346208	0.20329979997707484	0.3894726764220324	0.21816403733324763	0.14734136516525098	0.24681397521430998	0.3967393908536862	0.21103773075202867	0.08963908129835503	0.2612908866179352	0.4246279392749187	0.10524048554803087	0.28456452905642754	2.2087296994718523e-24	0.5188730178754022	3.6136781075598707e-31
1.4965160643102967e-29	0.2857935852970717	0.5830637002431843	0.37606774996208747	0.11082963473404736	0.10760765234698531	0.4139331134149857	0.2796481423645014	0.15750618234609873	0.20594622039964405	0.3850562652344131	0.2544375349235037	0.13472281647609216	0.20543940366039126	0.3795511859972603	0.22045233221168284	0.1513513035733464	0.2505187284381805	0.3866919737795859	0.21573934716012302	0.09067766376060406	0.26536490922802836	0.41337577708100226	0.10716441898413044	0.29229571932496334	3.4886383315794144e-25	0.5074954379376222	3.0092959016005167e-31
4.586594310668148e-33	0.29182889358243824	0.5745727468192084	0.3824677818236095	0.11175727288071578	0.10814200477559913	0.40561024303299525	0.28155608779851377	0.16184056809289515	0.20853200927865143	0.37760410782493214	0.25605342675779796	0.1377297351588617	0.207007107920129	0.37193462631717905	0.22209419549984602	0.15460966414981694	0.25326029610046547	0.37897619222970336	0.21941484069956532	0.09154863627879202	0.2684214777958099	0.40466130894869257	0.10869465831009822	0.29845889075805604	7.45272024188854e-25	0.4985977798696101	3.3966698314420984e-32
1.9816598476535486e-31	0.2962229159047311	0.568493106022943	0.38697505503096685	0.11244859314883207	0.10853721692987042	0.399689835617842	0.28275203918388603	0.16506135331866822	0.2103618735732366	0.37235487755259616	0.25707985346193596	0.13997488475766023	0.20807588493783424	0.3665475224970773	0.22319212996946658	0.15701429730396493	0.2551385998319229	0.37351823526988115	0.22204784459619187	0.09220993492493362	0.27054157930057643	0.3984574041683172	0.10980802769499765	0.30294026805355656	4.313426561717396e-25	0.49221607682130275	4.443790338143555e-33
