5.178549113874232e-9
5.1938602327831506e-9
5.2110710008353885e-9
5.230412155421698e-9
5.249834489262053e-9
5.273050737772156e-9
5.296913943148451e-9
5.323444835950448e-9
5.351418367821913e-9
5.380877068171911e-9
5.4126016966512435e-9
5.447339751101186e-9
5.483673214036324e-9
5.521072434665006e-9
5.56193477091865e-9
5.603966099659766e-9
5.64714505130384e-9
5.691453151614851e-9
5.73879950807548e-9
5.785832762878494e-9
5.833925356784388e-9
5.881521313978907e-9
5.929757368714227e-9
5.976541343528078e-9
6.0209682747074345e-9
6.062630872505032e-9
6.099370152862955e-9
6.132205635072899e-9
6.160239048067182e-9
6.182039555786327e-9
6.19845199400827e-9
