8.149014012239459248e+01
7.993129115880631730e+01
7.843045367347590968e+01
7.699299771586214547e+01
7.562494689021369254e+01
7.433311346388926211e+01
7.312526949286872480e+01
7.201036275666773179e+01
7.099878833613540507e+01
7.010272944701108599e+01
6.933658510854992585e+01
6.871750812406844489e+01
6.826608590208299177e+01
6.800721084394038485e+01
6.797120958453189132e+01
6.819533649976241918e+01
6.872579510121019553e+01
6.962054551114557910e+01
7.095331202432271311e+01
7.281946708510587030e+01
7.534492320721145120e+01
7.869998538511205766e+01
8.312166769771195618e+01
8.895107075495363347e+01
9.669898187279551394e+01
1.071678642594215489e+02
1.206950417830876745e+02
1.390221875785396151e+02
1.677033934239963173e+02
2.171887305975200206e+02
3.188110785722021774e+02
