-60.62889796499897
-64.65569802205044
-68.96727924160295
-73.58318386881587
-78.52485501294375
-83.81612836082948
-89.48387259103927
-95.5588153498228
-102.07660216713278
-109.07915142126303
-116.6163911500177
-124.74849734806607
-133.5488032513074
-143.10762344483229
-153.53734730350888
-164.97932511872435
-177.61333049415592
-191.67079515420576
-207.4536853548106
-225.36202398289575
-245.93504836705995
-269.9146097330981
-298.3463031084034
-332.7476007915045
-375.40157476898963
-429.9018080959975
-502.2416352906075
-603.2099505800385
-754.3803665186097
-1006.0786426124282
-1509.2530153999833
