-117.84834907443263
-125.44748042282998
-133.5612878559898
-142.22393004015507
-151.47326978840704
-161.35190548517787
-171.9084977461363
-183.19945553768093
-195.2910669798299
-208.2621893041683
-222.20764779603965
-237.24256057027634
-253.507890698308
-271.1776664830719
-290.4685135695845
-311.6524571678899
-335.07444370493727
-361.176813217304
-390.5342345202823
-423.904772143334
-462.3065143824665
-507.1360100640237
-560.3576981996501
-624.8193796963365
-704.803760817722
-807.0518243058399
-942.808202382207
-1132.319228696155
-1416.0760975801848
-1888.5425886485405
-2833.065295146061
