7.253984222188592e-6
5.649706508847885e-6
6.142165148048662e-6
6.644948371103965e-6
6.262138413148932e-6
5.604379111900926e-6
4.56015914096497e-6
4.792145773535594e-6
4.65579068986699e-6
4.788475052919239e-6
4.964393156114966e-6
4.971065209247172e-6
4.454894224181771e-6
4.586414434015751e-6
4.52021777164191e-6
4.154309863224626e-6
4.198271199129522e-6
4.1005550883710384e-6
4.182395059615374e-6
4.636560333892703e-6
4.971458110958338e-6
5.5361888371407986e-6
6.078917067497969e-6
7.208553142845631e-6
8.550938218832016e-6
1.0768882930278778e-5
1.4267396181821823e-5
2.0563602447509766e-5
3.0089635401964188e-5
5.30509278178215e-5
0.00011783652007579803
