1.2850622516940564e-16
1.2742730071142873e-16
1.26261844254395e-16
1.2500582917468403e-16
1.2365548123651052e-16
1.222075887122341e-16
1.2065956988544157e-16
1.1900960607675669e-16
1.1725678041601528e-16
1.15401065706833e-16
1.1344368454623308e-16
1.1138696449174128e-16
1.0923469024965537e-16
1.0699193317929522e-16
1.0466551229771808e-16
1.0226396219586931e-16
9.979780760435914e-17
9.727979229595072e-17
9.47251215744462e-17
9.215174423663028e-17
8.95805959043625e-17
8.703578752373422e-17
8.454466924737046e-17
8.213771132732842e-17
7.984812597458133e-17
7.771117904412241e-17
7.57631845268042e-17
7.404017148627959e-17
7.257635557413865e-17
7.140251008107086e-17
7.054440560174833e-17
