1.3586133303715517e-16
1.3410201192114181e-16
1.3220923788142862e-16
1.3017828252708445e-16
1.2800536100099685e-16
1.2568802949390445e-16
1.2322460851776336e-16
1.2061604051801643e-16
1.1786425917848386e-16
1.149735952742713e-16
1.119500981334344e-16
1.0880212425988403e-16
1.0554034300308575e-16
1.0217755546231836e-16
9.872895134684646e-17
9.521197579941113e-17
9.164640462808046e-17
8.805429895714532e-17
8.446028644558219e-17
8.089049110002965e-17
7.737461304374498e-17
7.394381836893295e-17
7.063044078687817e-17
6.747464046789389e-17
6.450691189663647e-17
6.176945753854118e-17
5.929942927549386e-17
5.71339735013027e-17
5.530787350349351e-17
5.385216470322489e-17
5.279271407345218e-17
