-58.10359018158716
-62.661452215361145
-67.64696337671705
-73.10457422400759
-79.08393123871195
-85.64068722971595
-92.837504758365
-100.74531095644583
-109.44488136877271
-119.02885683951581
-129.60433457430025
-141.29622724623368
-154.25166052210025
-168.64579228744418
-184.68960646211045
-202.6404941256648
-222.81684131255125
-245.6184938725688
-271.5560399596644
-301.2936621902529
-335.7134821316808
-376.01508570936636
-423.8748760588112
-481.7118210426281
-553.1527509771146
-643.8968540294667
-763.445237740746
-928.9068029029995
-1174.5140591002064
-1580.1718896105099
-2385.653686215899
