9.010670964926248e-7
6.558889253938105e-7
7.720375378994504e-7
8.120118764054496e-7
7.310009095817804e-7
6.967279659875203e-7
7.439184628310613e-7
5.959750524198171e-7
4.790190359926783e-7
5.163810783415101e-7
4.7602861741324887e-7
5.326146492734551e-7
4.981557140126824e-7
4.0606573747936636e-7
4.024332156404853e-7
3.819186531472951e-7
4.025641828775406e-7
2.7852729544974864e-7
2.8427166398614645e-7
3.018867573700845e-7
3.350432962179184e-7
4.923203960061073e-7
4.445755621418357e-7
4.90719685330987e-7
3.8716825656592846e-7
6.001791916787624e-7
2.7171336114406586e-7
4.0855957195162773e-7
6.468035280704498e-7
1.1050142347812653e-6
2.407468855381012e-6
