-46.718728432338594
-50.40306078215323
-54.43573781820396
-58.85330415898043
-63.69660605961195
-69.0114606890596
-74.849483926131
-81.26912460226622
-88.33696889779903
-96.12940009917246
-104.73472908077923
-114.25595356104805
-124.81436609099576
-136.55432195683622
-149.6496154110964
-164.3121232965086
-180.8037056605739
-199.45288379660403
-220.6786910574137
-245.0255755433593
-273.215832963581
-306.23077429972943
-345.4408086523237
-392.822561670922
-451.3392526688978
-525.6476194315544
-623.5123202047594
-758.9181250278896
-959.8507202195129
-1291.6390557262087
-1950.3238603114978
