-80.87330963202658
-87.17824048649047
-94.06944191789353
-101.60718737525349
-109.85874263063543
-118.89946306553028
-128.81415516549876
-139.69878214458768
-151.66261985846594
-164.83100511464016
-179.3488690636099
-195.38532017196903
-213.13964547284334
-232.84925251259187
-254.80030538409733
-279.3421621807057
-306.90727537201667
-338.0391044014288
-373.43205004666146
-413.98989302297093
-460.9135486782642
-515.8368228151472
-581.0438130885716
-659.8315173429618
-757.1447770382051
-880.7559646587063
-1043.62499963367
-1269.0921298373598
-1603.8606400936883
-2156.9455120792463
-3255.4678304500158
