1.304040143559924e-25	0.033563476241220885	1.4378960514059164e-25	0.03356347623381717	0.028081684938107247	0.026102142610840384	0.028081684945830035	0.02610214260458717	0.026686720901711692	0.026739438234314662	0.026686720923432217	0.026739438238916502	0.026692678993697202	0.026694876728845317	0.026692678981656524	0.026694876729032927	0.026697852625863043	0.026697852645008617	0.02669785262939455	0.02669785264484751	0.02669487672284046	0.026692679007926982	0.026694876707094705	0.02669267901071105	0.026739438233422248	0.026686720898036677	0.02673943822154114	0.026686720942783872	0.026102142599864694	0.02808168494285097	0.0261021425909348	0.028081684944116857	0.03356347621872951	3.765808085922925e-29	0.03356347623281676	2.648395255875193e-32
7.190098791564507e-28	0.036723025940493564	1.6913928047812602e-25	0.03672302594306944	0.030232080334610407	0.027955654032176872	0.030232080343509205	0.027955654025761296	0.02869416497594054	0.02875113174458308	0.02869416498340439	0.028751131750227196	0.028688417240872996	0.028692558318159034	0.02868841723021132	0.02869255834855247	0.028696711302068273	0.02869671129356193	0.028696711310456192	0.028696711332294955	0.028692558340121282	0.028688417208452777	0.028692558344388254	0.028688417235193015	0.028751131742593628	0.028694164927909986	0.028751131808550164	0.028694164656827677	0.027955654243670254	0.03023208041816065	0.02795565392481301	0.03023208036987738	0.036723026028635926	1.2647095062592068e-26	0.036723025933020896	4.6226636463658606e-31
5.792469690110586e-32	0.040193665175435586	1.4654127669201397e-25	0.040193665165061676	0.03250972655439894	0.029899447620970153	0.03250972656237618	0.029899447617282818	0.030830912053082173	0.030889702249862316	0.030830912051813954	0.030889702249135387	0.030805897909657293	0.03081317489624197	0.030805897924570703	0.030813174971203613	0.0308189112055756	0.030818911214054504	0.030818911121489646	0.030818911171601498	0.0308131748753383	0.03080589784292503	0.03081317495906008	0.030805897835062206	0.030889702247264665	0.03083091210283598	0.0308897022638858	0.030830912240134407	0.029899447637291215	0.03250972663192193	0.029899447621999364	0.03250972660903771	0.040193665153589374	2.1216294763457387e-27	0.04019366514951588	9.081241439584622e-32
1.274751333979884e-35	0.044002638918021544	2.3112484506365913e-25	0.044002638919607	0.0349111776629579	0.03192808736370002	0.03491117766705442	0.03192808736876392	0.03310055601744732	0.03315692223130773	0.03310055602077614	0.03315692221314063	0.03304541835182734	0.0330576362248115	0.03304541834372255	0.03305763629515676	0.03306546203959694	0.033065462023022414	0.033065462065556786	0.03306546198362632	0.03305763634677549	0.033045418397514334	0.033057636295977515	0.03304541891710328	0.03315692247609134	0.03310055602082961	0.03315692243636313	0.03310055632354632	0.03192808753080501	0.03491117786417067	0.031928087494218695	0.03491117790972377	0.044002638654908256	4.934523358212805e-26	0.044002638825135436	1.162528048777328e-29
2.1687573537429924e-32	0.048178500135598976	3.922618463064162e-26	0.04817850014840339	0.037430303707980186	0.034034144363278	0.0374303037048613	0.034034144350938135	0.035506436835732444	0.035553517231022014	0.03550643683613103	0.03555351724250954	0.035405890272823995	0.03542573679732162	0.03540589026120749	0.035425736756543175	0.03543625587225471	0.03543625586692278	0.03543625580535579	0.0354362559170768	0.03542573671575926	0.03540589036077511	0.03542573671544423	0.0354058904124988	0.035553517190679146	0.03550643685438868	0.03555351724925279	0.03550643691161475	0.03403414436486682	0.0374303037098004	0.03403414437931742	0.037430303634771164	0.04817850013183739	2.4613900231091992e-26	0.04817850006896667	1.2783204568871785e-33
3.519013257605589e-28	0.05275092635367022	1.344917146880741e-23	0.0527509263561984	0.04005795177968426	0.036208097215752424	0.04005795176724883	0.036208097217510386	0.038051760035228685	0.03807903337343122	0.038051760026188104	0.038079033377873765	0.037884665542271184	0.03791608143977583	0.03788466554935865	0.03791608143875841	0.0379299693742353	0.03792996934348949	0.03792996936251623	0.03792996936965686	0.037916081519941	0.03788466571747871	0.037916081527692304	0.03788466554532312	0.03807903336067587	0.03805176001626992	0.038079033330411946	0.0380517600977799	0.03620809730378662	0.04005795190956968	0.036208097326558816	0.04005795185281339	0.0527509258189851	1.638632652490714e-29	0.052750926805534365	2.636381062766165e-32
3.562570408827558e-31	0.05775046657824866	1.5286593408027983e-25	0.05775046658282904	0.04278165224587953	0.038438287882886855	0.04278165224853717	0.03843828788053016	0.040739766934708994	0.040731702899627506	0.04073976693831679	0.04073170290210943	0.04047736981369371	0.040526047959434416	0.040477369790719045	0.04052604795288468	0.040543984684778094	0.0405439846270355	0.04054398464584199	0.04054398468122028	0.04052604797164788	0.04047736979283286	0.0405260479208965	0.040477369802918405	0.0407317029004331	0.040739766885137564	0.04073170288731391	0.040739766907220705	0.03843828772238944	0.04278165222201922	0.03843828776730164	0.04278165231942459	0.05775046661237648	8.355655193750152e-26	0.057750466663047624	3.0734939155137422e-31
3.685667140327418e-33	0.06320820155074336	2.9499960128148794e-27	0.063208201547899	0.04558539502471441	0.04071094016286891	0.0455853950365049	0.04071094016087111	0.04357395386022878	0.043508303321577645	0.043573953868468386	0.04350830332170099	0.04317774571234018	0.04325179176893623	0.04317774571014824	0.04325179198139216	0.04327432792408644	0.043274327818265935	0.04327432799810843	0.04327432785041029	0.043251791653888955	0.04317774567092081	0.04325179179228619	0.0431777457463419	0.04350830313180622	0.04357395388589137	0.04350830339792044	0.043573953767877226	0.04071094039274413	0.0455853950119204	0.04071094026311272	0.04558539502052192	0.06320820149523548	1.2482872016542243e-26	0.06320820151033768	2.2481240116474055e-30
2.6968155662015003e-27	0.06915529330891014	4.8705095819469705e-25	0.06915529329689522	0.048449502134965815	0.04301024622188316	0.04844950213431981	0.04301024622144369	0.04655833364470982	0.0464040055295928	0.04655833363582186	0.04640400552751144	0.04597751042984758	0.04608830317636568	0.04597751041296151	0.04608830319856988	0.04611562173368318	0.04611562173590872	0.04611562170980076	0.0461156216283623	0.04608830334179486	0.0459775103916145	0.04608830325055704	0.04597751036522371	0.04640400556516939	0.046558333613141226	0.046404005591970714	0.046558333480955706	0.043010246034662004	0.048449502106468714	0.043010246448842146	0.04844950219540687	0.06915529326340143	1.4182555119966738e-26	0.06915529322926921	1.4599278796707847e-30
1.581344319233064e-32	0.07562239337131661	9.023333427277944e-26	0.07562239337490778	0.05135062399932366	0.04531852231427603	0.05135062400218197	0.04531852229868702	0.04969772624415416	0.04941220315068488	0.049697726208459095	0.04941220317101708	0.04886622853700227	0.04902952085082818	0.04886622852369932	0.049029520865586214	0.04906104593358942	0.04906104588578001	0.04906104568971484	0.04906104584471227	0.049029520783829106	0.048866228518703515	0.04902952079519524	0.048866228586711746	0.04941220308797817	0.0496977262721115	0.049412203090871264	0.049697726305708324	0.04531852236576003	0.05135062401713869	0.045318522328906596	0.051350623980626627	0.07562239339880582	5.651016187172019e-25	0.07562239341405688	8.178756727629878e-34
8.723659762486228e-32	0.08263886883861703	9.428143846750272e-27	0.08263886884730928	0.05426188580302078	0.04761643342683878	0.05426188579987809	0.0476164334318133	0.05299805770907047	0.052524316948751384	0.05299805770903635	0.05252431696408335	0.051831204856688844	0.052068506956509164	0.05183120483653483	0.05206850693271587	0.05210229351773052	0.052102293437191104	0.05210229347313068	0.052102293479461013	0.05206850704211435	0.05183120505013063	0.052068507041153206	0.051831204476678105	0.05252431673083363	0.052998057779547136	0.05252431680166304	0.05299805777600801	0.04761643326104628	0.054261886159535505	0.04761643354601154	0.054261885696737525	0.08263886878064818	2.3003349950701192e-29	0.08263886870499468	1.1103161646573082e-31
2.9050071762938847e-33	0.0902317954001594	6.293935436569244e-26	0.09023179540652154	0.05715320880046055	0.04988328483059369	0.05715320879467643	0.04988328484338252	0.056466638081049465	0.055729568065036005	0.056466638082110485	0.055729568075655295	0.054857401249722965	0.055197686469848725	0.0548574012563142	0.05519768648217408	0.05522951242324638	0.05522951244525494	0.05522951243176984	0.055229512442269424	0.05519768649831432	0.054857401257747976	0.05519768646421588	0.05485740125129565	0.055729568025964335	0.05646663796165736	0.05572956804822891	0.05646663820698059	0.049883284782353425	0.057153208928176304	0.049883284377398134	0.05715320884304077	0.09023179535866066	1.051910967406039e-25	0.0902317956504798	4.982737191618121e-28
2.1669017589053348e-29	0.09842465701307615	4.0869242240572e-27	0.0984246570109909	0.05999182764839508	0.052097379405195585	0.05999182764618835	0.052097379405377564	0.060112375435812306	0.05901471764827466	0.060112375433343426	0.05901471764688914	0.05792738467741606	0.05840914803206705	0.057927384671917354	0.05840914804090466	0.05843121443617674	0.058431214445233956	0.05843121443800474	0.05843121444322579	0.058409148037840725	0.05792738468863598	0.0584091480371853	0.05792738468699072	0.05901471764791336	0.06011237545417002	0.05901471763354388	0.06011237545087799	0.052097379393091205	0.059991827674466716	0.052097379408721084	0.059991827642693764	0.09842465698599989	4.6737693847335724e-27	0.09842465697147695	5.813486262728316e-29
1.300605755860404e-33	0.10723568516035879	2.649837873037512e-26	0.10723568515840146	0.06274302014938125	0.05423644178636924	0.06274302014835684	0.054236441785881336	0.06394587021908296	0.06236377639871287	0.06394587021813568	0.06236377639397476	0.06102131669107195	0.06169500045369779	0.06102131669876421	0.06169500045590139	0.061694138058841205	0.06169413804457934	0.061694138055329216	0.06169413804968222	0.06169500046088012	0.06102131670925742	0.0616950004398991	0.06102131670911495	0.062363776386963644	0.06394587022708284	0.06236377640455557	0.06394587020025205	0.054236441811841445	0.06274302020412435	0.054236441815691636	0.06274302012271567	0.10723568491120788	1.899164746140693e-26	0.10723568529302697	2.1121373476507686e-32
9.002100402021621e-31	0.1166757721938967	6.2000182081573216e-30	0.11667577219431498	0.06537105837168945	0.0562781139536749	0.06537105836946518	0.056278113954490394	0.06797931450757849	0.06575769731605127	0.06797931450558932	0.06575769730730202	0.06411700009214492	0.06504776681451643	0.06411700009161471	0.06504776681322395	0.06500305371836108	0.06500305372678676	0.06500305372153083	0.0650030537162113	0.06504776681855681	0.06411700008515751	0.06504776681899169	0.06411700012776315	0.06575769727189205	0.06797931450962336	0.06575769729302748	0.06797931450601549	0.056278113853791195	0.06537105837749609	0.0562781139643458	0.06537105840447546	0.11667577222165773	7.837903958006768e-26	0.11667577220631575	2.4365299904975077e-32
8.429453527682068e-30	0.126745906837982	9.42429133097694e-28	0.12674590684096038	0.06784037974146287	0.058200529279184295	0.0678403797444777	0.058200529281194444	0.07222610031126357	0.06917407909224997	0.07222610031483517	0.0691740790921616	0.06719000321913611	0.06846078512062824	0.06719000322520612	0.06846078512875087	0.06834050664268021	0.06834050664269811	0.06834050663753366	0.06834050665217214	0.06846078512063505	0.06719000323282819	0.06846078512341079	0.06719000323484682	0.0691740790991255	0.07222610031114361	0.0691740790900611	0.07222610031722822	0.05820052927969966	0.06784037975048615	0.058200529282514804	0.06784037975225043	0.1267459068391534	7.802365589879266e-29	0.12674590685071416	2.6102362907862814e-31
7.614712922069964e-33	0.1374341142173082	1.5918605401029795e-26	0.13743411421906676	0.07011696206121587	0.059982973316384025	0.07011696206532617	0.05998297332091316	0.07670002045226006	0.07258692728426165	0.07670002045320523	0.07258692728515734	0.07021388944501661	0.07192856122410819	0.07021388944154255	0.07192856123910946	0.071686507922534	0.07168650794737562	0.07168650791574958	0.07168650797443793	0.07192856121880792	0.07021388946991261	0.07192856122844843	0.07021388945978073	0.07258692728647499	0.07670002045901059	0.07258692727809969	0.07670002046928778	0.059982973318788484	0.07011696208834449	0.0599829733147326	0.07011696208344126	0.13743411421147542	1.8347427020561182e-28	0.137434114235863	1.6312378448371625e-32
1.662821120182611e-33	0.1487119421574084	1.511969729744678e-26	0.14871194215325637	0.0721698664062291	0.06160663466568116	0.07216986640543915	0.061606634665219026	0.08141392992794262	0.07596654320267347	0.08141392992875526	0.07596654320318892	0.07316058368377941	0.07544698977724235	0.07316058367941142	0.07544698978990737	0.07501820596915439	0.07501820599321876	0.07501820596421327	0.07501820599217657	0.07544698976658554	0.07316058367924422	0.07544698979870273	0.07316058368412857	0.07596654322509054	0.0814139299325942	0.0759665432139059	0.0814139299289731	0.06160663467251725	0.0721698664108931	0.061606634672225505	0.07216986641980402	0.14871194215513384	6.234648768912942e-29	0.14871194217096514	2.655575759015659e-30
8.422706520771723e-33	0.16053062486468372	3.7998916745842154e-28	0.16053062486634992	0.07397288645006814	0.06305543867468119	0.07397288645196175	0.06305543867685527	0.08637773484245706	0.0792796352553632	0.08637773484292811	0.07927963525359227	0.07600091101031906	0.0790133205549108	0.07600091100747551	0.07901332055142615	0.07830959965689095	0.078309599658268	0.0783095996568941	0.07830959965821264	0.07901332057590432	0.07600091102361088	0.0790133205674387	0.07600091103467141	0.07927963524887968	0.08637773484570477	0.07927963524947845	0.08637773484094308	0.06305543868307616	0.07397288645171082	0.0630554386866251	0.07397288645780858	0.16053062486082995	2.8228250504818677e-29	0.16053062486775982	1.0663755893705742e-32
3.4570000468340964e-32	0.17281717139464928	1.2391453623705896e-29	0.17281717139645425	0.0755062131702379	0.0643169383089831	0.07550621317392671	0.06431693831133692	0.09159560055608104	0.08248976703772627	0.0915956005587143	0.08248976703828977	0.07870534001447607	0.08262570643047959	0.07870534001130132	0.08262570643784187	0.08153139138671023	0.08153139139446941	0.08153139138290426	0.08153139139633404	0.08262570642764845	0.0787053400156563	0.08262570643041048	0.07870534001682394	0.08248976704139645	0.09159560056242397	0.08248976703517205	0.09159560056577598	0.06431693831314314	0.07550621318055609	0.06431693831183836	0.07550621316943802	0.17281717138140162	4.770035668712248e-29	0.1728171714053739	6.85045940269842e-33
3.567945113596919e-32	0.1854707567356193	3.815775657527313e-29	0.18547075673450866	0.07675799364629854	0.06538321234606269	0.07675799364826175	0.06538321234986458	0.09706233449607145	0.08555826189352131	0.09706233449787438	0.08555826189655827	0.08124495425430772	0.08628213593655579	0.08124495424986426	0.08628213593734335	0.08465111275783568	0.08465111276165985	0.08465111275966401	0.0846511127605849	0.08628213594025798	0.08124495425650152	0.08628213593757653	0.0812449542668453	0.08555826189427616	0.09706233450126332	0.08555826189464086	0.09706233449734908	0.06538321235174725	0.07675799366055486	0.06538321234565443	0.07675799365065783	0.18547075673080682	1.0037760605237915e-29	0.18547075674112845	1.550158437696393e-32
9.019492211208218e-32	0.19835991325496896	2.5742383192972846e-31	0.1983599132552316	0.07772563873501921	0.06625169552382772	0.07772563873642357	0.06625169552777468	0.10275901356507308	0.08844566240267962	0.10275901356671727	0.0884456624068543	0.08359265704746503	0.08997854735082957	0.08359265704525536	0.08997854734647089	0.08763367799690391	0.08763367799586161	0.08763367800018307	0.08763367799370426	0.0899785473589087	0.08359265705121514	0.0899785473544058	0.08359265703760548	0.08844566241024937	0.1027590135731653	0.08844566240594057	0.10275901357754051	0.06625169552447717	0.07772563874259623	0.0662516955187746	0.07772563873289438	0.19835991325001237	8.775566846566209e-31	0.19835991325424046	1.0433779113888873e-32
1.402601402024847e-31	0.2113210948075561	3.5535782516079237e-29	0.211321094804058	0.07841672371877975	0.06692584450912373	0.07841672372133457	0.06692584451075742	0.10864809649993906	0.09111378300142864	0.10864809650130333	0.09111378300342426	0.08572458390845124	0.0937059705281634	0.08572458390592742	0.09370597053046184	0.09044251182994602	0.09044251182906879	0.09044251182856972	0.0904425118409261	0.09370597053215099	0.08572458390729348	0.09370597052607173	0.08572458390574267	0.09111378300328958	0.10864809651626249	0.09111378299758163	0.1086480965140087	0.06692584451020456	0.07841672372869266	0.0669258445066348	0.07841672372377076	0.21132109479854227	2.9434453808073688e-31	0.21132109479716576	9.162183663811203e-33
4.1576781316992603e-32	0.22415917891245699	3.7743149643331745e-33	0.2241591789081858	0.07884933537255204	0.06741553426230693	0.07884933537267189	0.06741553426280679	0.11466848311097204	0.09352828650055922	0.1146684831110405	0.0935282865016433	0.08762165206547035	0.09744668234162622	0.0876216520647999	0.09744668234786961	0.09304133691656732	0.09304133691221171	0.09304133691166079	0.09304133691468508	0.09744668235076026	0.08762165206339632	0.09744668234260855	0.08762165207369123	0.09352828650589864	0.11466848311964545	0.09352828649824987	0.11466848312675151	0.06741553426275651	0.07884933537428968	0.06741553426166003	0.0788493353785846	0.22415917891390832	4.986208602338825e-32	0.22415917889929002	1.7443774251792193e-32
9.263337375535107e-34	0.2366503630428395	1.8411659648050132e-32	0.23665036304070408	0.07905175002472117	0.06773708551000605	0.07905175002692649	0.06773708550895569	0.12073123526236179	0.09566156343766663	0.1207312352665261	0.09566156343998347	0.08927111526246173	0.10116962244600171	0.08927111526258687	0.10116962244876115	0.09539657718292219	0.09539657718287986	0.09539657718323961	0.09539657719355953	0.10116962245221986	0.08927111526858096	0.10116962244809209	0.0892711152709953	0.09566156344919079	0.12073123527377873	0.0956615634286252	0.12073123529354916	0.06773708551289266	0.07905175002631899	0.06773708550874277	0.07905175003828684	0.23665036304946657	5.375824545614045e-32	0.23665036304530634	2.0898761696297964e-32
1.9331864295561168e-35	0.2485477053033656	1.5123329105686119e-33	0.24854770530294912	0.07906137503546752	0.06791284389455009	0.0790613750393569	0.06791284389342082	0.12671692073885352	0.09749551763574553	0.1267169207405373	0.09749551763416384	0.09066791623069269	0.10482570378946662	0.09066791623265763	0.10482570379476946	0.09748013825431195	0.09748013825247973	0.09748013824984908	0.09748013826988121	0.10482570378831112	0.09066791623696706	0.10482570378375619	0.09066791624349096	0.09749551765873371	0.12671692074287735	0.09749551763371173	0.12671692075761332	0.06791284389916301	0.07906137503921698	0.06791284389075347	0.07906137505155986	0.24854770532155135	1.3766703487660486e-32	0.2485477052930662	1.08742877398778e-32
3.1909304204109463e-35	0.2595892956791083	9.207486162042175e-33	0.2595892956767771	0.07892294078354178	0.06797026000732663	0.0789229407876315	0.06797026000535615	0.13247571719117276	0.09902370483715682	0.13247571719399115	0.09902370483581252	0.0918155505163683	0.10834411703264375	0.09181555051712743	0.10834411703471832	0.0992720977192712	0.09927209771204186	0.099272097715759	0.09927209772300674	0.10834411703558218	0.09181555051694648	0.10834411702913525	0.09181555053938027	0.09902370484719943	0.13247571718915183	0.09902370482759729	0.13247571720960466	0.06797026001185508	0.07892294079124045	0.06797026000021684	0.07892294080131272	0.2595892956699443	5.172560329270948e-32	0.259589295669925	1.687813166469777e-33
7.814004475953107e-32	0.2695087728003955	1.8783125125701466e-31	0.26950877279779045	0.07868598425886342	0.0679404512935369	0.07868598426400772	0.06794045129058797	0.13783142467717158	0.10025219713707363	0.13783142468040385	0.10025219713623029	0.09272610172751349	0.11163112809043693	0.09272610173052338	0.11163112810161957	0.10076265031272945	0.10076265030203127	0.10076265031269382	0.10076265032867604	0.11163112809575358	0.09272610171277619	0.11163112808207606	0.09272610174642862	0.10025219715809083	0.13783142466641035	0.10025219713793315	0.1378314246960882	0.06794045129703219	0.0786859842448312	0.06794045130165885	0.07868598427309045	0.26950877282288543	1.292860521160553e-32	0.26950877282302543	4.458529819739585e-31
7.243010103100459e-34	0.2780476578786011	5.319844213841832e-33	0.2780476578811286	0.07840171996905662	0.06785626493688522	0.07840171997162006	0.06785626493725684	0.14259025530934322	0.10119862613525142	0.1425902553100534	0.10119862613537906	0.09341912791086025	0.11457296547876582	0.09341912791320332	0.11457296548735228	0.10195260837196012	0.10195260836709043	0.10195260837974274	0.10195260839312487	0.11457296547927928	0.09341912790771309	0.11457296547647837	0.09341912792895783	0.1011986261653541	0.1425902552958845	0.10119862615518005	0.14259025532638317	0.06785626495468326	0.07840171994920322	0.06785626495016592	0.07840171999546318	0.2780476578891342	1.5055761125246513e-32	0.27804765789941244	1.61145021613721e-31
2.419177653702052e-35	0.2849687619203597	5.672882653496836e-33	0.2849687619224173	0.07811946033369514	0.0677499163067749	0.07811946033595324	0.06774991630733089	0.14655458207621255	0.1018891440119087	0.14655458207667865	0.10188914401114962	0.09391922347440619	0.11704391745679037	0.0939192234752796	0.11704391747243789	0.10285195469776569	0.10285195469548607	0.102851954694713	0.10285195471873453	0.11704391745322681	0.093919223454818	0.11704391746081633	0.09391922349855297	0.10188914403381748	0.14655458206341754	0.10188914402071154	0.14655458210785308	0.06774991632150264	0.0781194603344388	0.06774991632598729	0.07811946036433677	0.28496876191736464	7.931534316055381e-32	0.2849687619151899	1.3054608110124324e-30
2.9288060754256275e-36	0.2900697137798599	1.6319185022833845e-34	0.2900697137824291	0.07788283653667258	0.06765036123942371	0.07788283654071516	0.06765036123962245	0.14954072138997168	0.10235352368260703	0.14954072139059738	0.10235352368108284	0.0942523734850145	0.11891956665686004	0.09425237349056463	0.11891956667706244	0.10347641111794623	0.10347641111743135	0.10347641111758714	0.10347641114963971	0.11891956666425148	0.09425237345880204	0.11891956665502404	0.09425237349148935	0.10235352371131172	0.14954072138938343	0.10235352370135707	0.1495407214205416	0.0676503612507578	0.07788283654078071	0.06765036125299992	0.07788283657725137	0.2900697137773851	2.0428848478921756e-32	0.2900697137640098	1.3411931141448728e-30
