-79.7014269816178
-84.9190513255559
-90.49825637422289
-96.46358597370669
-102.84215579190298
-109.66435225624213
-116.96473589884263
-124.78319454119095
-133.1664054132139
-142.16968288963508
-151.85931587790677
-162.31553940788874
-173.63634719598954
-185.94244376773304
-199.38377825719726
-214.1483201528352
-230.47408150349497
-248.6659382522338
-269.11969890189283
-292.3573720959679
-319.08019462962767
-350.25070016982534
-387.2240488043532
-431.9667103931716
-487.43860835629886
-558.3018091306715
-652.3364290588689
-783.5538171132862
-979.9776494696237
-1306.9857847546918
-1960.677536420763
