1.358613331199579e-16
1.3410200131615046e-16
1.322092367087085e-16
1.3017828054396975e-16
1.2800534686465286e-16
1.2568787832024215e-16
1.2322459256238536e-16
1.2061599927668812e-16
1.1786427872759652e-16
1.149735705683449e-16
1.119499539734172e-16
1.0880130207255998e-16
1.0554011922412922e-16
1.0032775756616755e-16
9.872826715831606e-17
9.521229595150596e-17
9.164652004392602e-17
8.805673273007262e-17
8.446287932577132e-17
8.089626517477491e-17
7.738507759858201e-17
7.396145064584997e-17
7.065940449187447e-17
6.751538753755334e-17
6.456562744911043e-17
6.184863244496182e-17
5.940152215864624e-17
5.726001033307762e-17
5.5457138433587327e-17
5.4022037178173585e-17
5.297878025602343e-17
