4.62385196442483e-6
3.5049970392719842e-6
3.807887878792826e-6
4.32406068284763e-6
3.8213602238101885e-6
3.4395488910377026e-6
2.953373041236773e-6
3.1602539820596576e-6
2.9714246920775622e-6
2.9286857170518488e-6
3.1059935281518847e-6
3.078948793699965e-6
2.7796850190497935e-6
2.9205839382484555e-6
2.9303846531547606e-6
2.733184373937547e-6
2.6310881366953254e-6
2.5643676053732634e-6
2.546817995607853e-6
2.807268174365163e-6
3.036315320059657e-6
3.382243448868394e-6
3.6555284168571234e-6
4.389614332467318e-6
5.160283762961626e-6
6.380723789334297e-6
8.473056368529797e-6
1.2347474694252014e-5
1.7374521121382713e-5
3.0951108783483505e-5
6.903801113367081e-5
