0.9663357255986783	0.9382704268117789	0.9663357256037023	0.9382704268167463	0.9122727661390211	0.9191355276420234	0.9122727661412752	0.919135527637801	0.9204789590597461	0.9198475002457522	0.9204789590537004	0.9198475002333236	0.9198475002402875	0.9204789591202346	0.9198475002504058	0.9204789590937106	0.9191355276742987	0.912272766191527	0.9191355276898175	0.9122727661791009	0.9382704268348072	0.9663357256180677	0.9382704268500829	0.966335725608372
0.9631565196396136	0.9329457305498526	0.9631565196306212	0.9329457305458556	0.9051151459025887	0.9131259194567839	0.905115145882671	0.9131259194488028	0.9146098976267768	0.9138236564049301	0.9146098976127846	0.9138236564246242	0.9138236564452447	0.9146098976777238	0.9138236562314441	0.9146098973794746	0.9131259193055207	0.9051151458509767	0.9131259192358746	0.9051151456681283	0.9329457304472895	0.9631565196135865	0.9329457304365483	0.963156519597893
0.9596623526383932	0.927180305346952	0.9596623526309673	0.9271803053425377	0.8974305895150665	0.9067698932412777	0.8974305895340904	0.9067698932588684	0.9083959537755446	0.9074200619515843	0.9083959537832503	0.9074200619447678	0.9074200619575442	0.9083959537625119	0.9074200619585042	0.9083959537551121	0.9067698932585517	0.8974305895327871	0.9067698932893759	0.8974305895021474	0.9271803053731925	0.9596623526060704	0.92718030534203	0.9596623526189917
0.9558252591120874	0.9209500747660947	0.9558252591011935	0.9209500747585994	0.8892012063132128	0.9000727849203229	0.889201206312826	0.900072784936424	0.9018378035788874	0.9006309599630983	0.9018378035810423	0.9006309599560305	0.9006309600014192	0.9018378040626156	0.9006309601211033	0.9018378043658223	0.900072785443394	0.8892012066595372	0.9000727858494948	0.889201207709966	0.920950074898009	0.9558252592125569	0.9209500752438449	0.95582525945401
0.9516158537001765	0.914232354405731	0.9516158536825581	0.9142323543870149	0.880412600320125	0.8930448336730288	0.880412600302859	0.8930448336761919	0.8949396059841206	0.8934534306235219	0.8949396059624808	0.8934534306182836	0.8934534305778673	0.8949396060003438	0.8934534306057482	0.8949396059729977	0.8930448338412192	0.8804126003054277	0.8930448339718575	0.8804126002447131	0.914232354210888	0.951615853465359	0.914232354432966	0.9516158533421359
0.9470035046301457	0.9070063986252322	0.9470035046052286	0.9070063985998381	0.8710545237636664	0.8857014763674053	0.8710545237613895	0.8857014763556361	0.8877091540574839	0.8858876675750271	0.887709154046675	0.8858876675699177	0.8858876674689038	0.8877091538701372	0.8858876674107383	0.887709153846134	0.8857014762229479	0.8710545236366819	0.8857014761033059	0.8710545236882311	0.9070063985932282	0.9470035045528313	0.907006398525028	0.9470035046024057
0.941956577395125	0.899253980237548	0.9419565773930837	0.899253980232926	0.8611215065018236	0.8780634796027477	0.8611215065060821	0.8780634796030857	0.8801579209956167	0.8779372243059285	0.880157920997552	0.8779372243028813	0.8779372241903085	0.8801579208882221	0.8779372244826759	0.8801579211193347	0.8780634794571563	0.8611215064829334	0.8780634797454565	0.8611215064498798	0.899253980236067	0.941956577380729	0.899253980216932	0.9419565774047957
0.9364427654733263	0.8909599963050507	0.936442765475413	0.8909599963067306	0.8506134472351898	0.870156876034925	0.8506134472479893	0.8701568760291553	0.8723009938894276	0.8696092326739499	0.8723009938951787	0.8696092326637731	0.8696092327065111	0.8723009939316048	0.8696092325803798	0.8723009939304639	0.8701568761708416	0.8506134472390595	0.8701568759929144	0.850613447366434	0.8909599963110857	0.9364427654562758	0.8909599963077406	0.9364427654844886
0.930429529651575	0.8821130956564278	0.9304295296566443	0.8821130956478969	0.8395361580115722	0.8620126767098566	0.8395361580217338	0.8620126766936499	0.8641568952457853	0.8609146003931508	0.8641568952501233	0.8609146003894304	0.8609146005537142	0.8641568952954148	0.8609146001993079	0.8641568951564398	0.8620126769421537	0.8395361575790938	0.8620126769737619	0.839536158850113	0.8821130960454066	0.9304295290016354	0.8821130956671845	0.930429529811677
0.9238846744629053	0.8727063295614326	0.9238846744600308	0.872706329554737	0.8279018630331769	0.853666341133372	0.8279018630352506	0.8536663411262434	0.8557473014543232	0.851868195924843	0.8557473014480512	0.8518681958647267	0.8518681957757931	0.8557473020905033	0.8518681959900096	0.8557473006895503	0.8536663402732216	0.8279018633583605	0.8536663419508284	0.8279018627051588	0.8727063298167472	0.9238846741588744	0.8727063293970805	0.9238846747431052
0.9167770961660274	0.8627378323538819	0.9167770961567181	0.8627378323375693	0.8157296610840434	0.8451569959273795	0.8157296610811968	0.8451569959228291	0.847096673361921	0.8424890300362211	0.8470966733526635	0.8424890301723529	0.84248903016728	0.8470966734224153	0.8424890300507116	0.8470966735367604	0.8451569959158376	0.8157296610640759	0.8451569959576701	0.8157296611395021	0.8627378323679255	0.9167770961537202	0.8627378323388281	0.9167770962147647
0.9090777445789807	0.8522115466186171	0.9090777445698234	0.8522115466011545	0.8030459711248789	0.8365264060424684	0.8030459711261545	0.836526406040299	0.8382318215396317	0.8328004407515621	0.8382318215264833	0.8328004407528626	0.8328004407735012	0.8382318215653838	0.8328004407215344	0.8382318215098741	0.836526406018932	0.8030459710149832	0.836526405959338	0.8030459710233264	0.8522115465086739	0.9090777445085464	0.8522115464962442	0.9090777445204079
0.9007608470072432	0.8411380147188383	0.9007608470105722	0.8411380147176643	0.7898849867577518	0.8278177176733643	0.7898849867594347	0.8278177176729741	0.8291814334798927	0.8228302853316849	0.829181433466625	0.8228302853345679	0.8228302854853947	0.8291814340377033	0.8228302851613163	0.8291814334815152	0.8278177176538303	0.7898849871195458	0.827817717593695	0.7898849865198758	0.8411380144118317	0.9007608471827584	0.8411380145536445	0.9007608469508073
0.8918054460401766	0.8295352629225894	0.8918054460394628	0.8295352629228059	0.776289167383508	0.819074009613023	0.7762891673781139	0.8190740096111118	0.8199755935356713	0.8126111332944836	0.8199755935328579	0.8126111332933534	0.8126111333024052	0.8199755935447735	0.8126111333107368	0.8199755935472087	0.8190740096244563	0.7762891673495597	0.8190740096046459	0.776289167381863	0.8295352629625707	0.891805446010166	0.8295352628768629	0.8918054460759369
0.8821973007978309	0.8174298047429522	0.8821973007979037	0.8174298047453646	0.7623097885055334	0.8103367139125688	0.7623097885069338	0.810336713916928	0.8106453309343926	0.8021804486220244	0.8106453309237155	0.802180448622654	0.8021804486308246	0.810645330930628	0.8021804486279895	0.810645330950033	0.8103367139248968	0.7623097885067741	0.8103367139154105	0.7623097885095156	0.8174298047618738	0.8821973007956043	0.8174298047451755	0.882197300811577
0.8719311934407638	0.8048577861345521	0.871931193436279	0.8048577861297195	0.7480075625706905	0.8016440002055192	0.7480075625636723	0.8016440002000973	0.8012222390710781	0.7915807402720122	0.8012222390661817	0.7915807402676776	0.7915807402695993	0.8012222390833943	0.7915807402710381	0.801222239080213	0.8016440001817101	0.7480075625384048	0.8016440001989962	0.748007562550369	0.8048577861273327	0.8719311934317375	0.804857786118701	0.8719311934475034
0.861013663077278	0.791866281557118	0.8610136630748602	0.791866281554365	0.7334533191259336	0.7930292604188557	0.7334533191201511	0.7930292604142596	0.7917382205564306	0.7808596558108989	0.7917382205511206	0.7808596558100759	0.7808596558032599	0.7917382205613265	0.7808596557995436	0.7917382205554293	0.7930292603944414	0.7334533191025533	0.7930292603954654	0.7334533190976664	0.7918662815479004	0.8610136630637144	0.7918662815222522	0.8610136630794272
0.8494661621490921	0.7785147332621701	0.8494661621477682	0.7785147332586236	0.7187287091485763	0.7845198895983871	0.7187287091449016	0.7845198895886566	0.7822254356844115	0.770070000408342	0.7822254356860991	0.7700700004160325	0.7700700004112507	0.782225435695087	0.7700700003906683	0.7822254356857233	0.7845198896099737	0.7187287091617562	0.7845198895585922	0.7187287091371034	0.7785147332723824	0.8494661621573294	0.7785147332409861	0.8494661621559041
0.8373285926570284	0.7648765039982323	0.8373285926570798	0.7648765039961851	0.7039268709684465	0.7761366272286676	0.7039268709646437	0.7761366272231082	0.772716565970239	0.7592696865299035	0.7727165659698674	0.7592696865297806	0.7592696865260457	0.7727165659830735	0.7592696865165701	0.7727165659682249	0.7761366272327472	0.7039268709598651	0.7761366272023176	0.7039268709459671	0.7648765039814586	0.8373285926399554	0.7648765039588422	0.8373285926461719
0.82466313472728	0.751040492544335	0.8246631347259463	0.7510404925380987	0.6891529753259908	0.7678937974001666	0.6891529753219715	0.7678937973933809	0.7632455492509738	0.7485216668685397	0.7632455492495935	0.7485216668663262	0.7485216668650049	0.7632455492676931	0.7485216668545401	0.7632455492489006	0.7678937973995785	0.6891529753238474	0.767893797378382	0.6891529753295977	0.7510404925427473	0.8246631347212943	0.7510404925188536	0.8246631347371632
0.811558226214335	0.7371127420156853	0.8115582262115434	0.7371127420101712	0.6745245589250841	0.759800844699796	0.6745245589237652	0.7598008446929119	0.7538489924944853	0.7378939762985354	0.75384899249399	0.7378939762970415	0.7378939762935659	0.7538489924993741	0.7378939762918229	0.7538489924927505	0.7598008446917781	0.6745245589079859	0.7598008446839255	0.6745245589147566	0.7371127420008147	0.8115582261966865	0.7371127419893524	0.8115582262066747
0.7981324812722885	0.7232179495034068	0.7981324812725465	0.7232179495000545	0.6601715620187698	0.751865569333191	0.6601715620180636	0.7518655693274576	0.7445684962901823	0.7274600918079261	0.7445684962944005	0.7274600918088875	0.7274600918076213	0.7445684962966126	0.7274600918112036	0.7445684962995349	0.7518655693315863	0.6601715620073115	0.7518655693281996	0.6601715620013865	0.7232179494848594	0.7981324812570199	0.7232179494870817	0.798132481259374
0.7845382276122967	0.70950074470233	0.7845382276134054	0.7095007447001757	0.6462359971950685	0.7440993606172528	0.646235997190925	0.7440993606113667	0.7354540896569491	0.7172998775456807	0.7354540896596936	0.7172998775429579	0.7172998775415682	0.735454089655223	0.7172998775409887	0.7354540896488354	0.7440993606044073	0.6462359971849572	0.7440993606074039	0.6462359971663044	0.7095007446703661	0.7845382276050293	0.7095007446909439	0.7845382275860249
0.7709641712083791	0.6961265206987826	0.7709641712080165	0.696126520698237	0.6328711756242014	0.7365244365232456	0.6328711756212614	0.7365244365224116	0.7265688074723804	0.7075013464654815	0.7265688074698208	0.7075013464630353	0.7075013464628374	0.7265688074606268	0.7075013464578983	0.7265688074549156	0.7365244365027491	0.6328711756029293	0.7365244364995104	0.6328711755932065	0.696126520678462	0.7709641712027432	0.6961265206807723	0.7709641711985147
0.757636450343493	0.6832814473843266	0.7576364503418878	0.6832814473823712	0.6202403776099279	0.7291825503993469	0.6202403776049118	0.7291825503974054	0.7179940784338911	0.6981632569685379	0.7179940784344322	0.6981632569688252	0.6981632569655152	0.7179940784234562	0.6981632569608065	0.7179940784187613	0.7291825503751459	0.6202403775856765	0.7291825503630155	0.6202403775599973	0.6832814473496056	0.7576364503405512	0.6832814473589522	0.7576364503249391
0.7448170631284748	0.6711710905996712	0.744817063126532	0.6711710905974744	0.6085147666485045	0.7221438312869507	0.6085147666457464	0.7221438312876939	0.7098350121815553	0.6893981194100752	0.7098350121797296	0.6893981194093729	0.6893981194058114	0.7098350121722825	0.6893981194002446	0.7098350121660109	0.722143831271712	0.6085147666396351	0.7221438312609767	0.6085147666206197	0.6711710905809859	0.7448170631290626	0.6711710905851771	0.7448170631172804
0.7327984835129795	0.6600168796137759	0.732798483511624	0.6600168796114139	0.597870239409215	0.7155135496174629	0.5978702394043851	0.7155135496183048	0.7022239923677986	0.6813345662998113	0.7022239923644297	0.6813345662996706	0.6813345662956055	0.7022239923540752	0.6813345662878623	0.7022239923460147	0.715513549598821	0.5978702394024694	0.7155135495891777	0.5978702393751925	0.6600168795980467	0.73279848351734	0.6600168795995769	0.7327984835037384
0.7218934430518048	0.6500496682587041	0.7218934430508291	0.6500496682551344	0.588482860283519	0.7094340295234913	0.5884828602801508	0.7094340295256583	0.6953204953890084	0.6741174737437632	0.6953204953838564	0.6741174737440386	0.6741174737310973	0.6953204953603648	0.6741174737231331	0.6953204953571573	0.7094340294981457	0.5884828602849038	0.7094340294818174	0.5884828602374179	0.6500496682367848	0.7218934430679703	0.6500496682486153	0.7218934430428611
0.7124195397049438	0.6414999855296459	0.7124195397060452	0.6414999855290089	0.5805226562959291	0.7040791714467884	0.5805226562944819	0.7040791714449405	0.6893051812000959	0.6679040949057895	0.6893051811994612	0.6679040949068467	0.6679040948880248	0.6893051811719696	0.6679040948831064	0.689305181167656	0.7040791714138599	0.5805226562968336	0.7040791713993682	0.5805226562491471	0.6414999855083582	0.7124195397239742	0.6414999855167398	0.7124195396955473
0.7046795040134437	0.6345853001543804	0.7046795040135848	0.6345853001526716	0.5741458958189853	0.6996404368470128	0.5741458958171956	0.6996404368454379	0.684367344653471	0.6628551187102278	0.684367344653393	0.6628551187131875	0.662855118689417	0.6843673446225854	0.6628551186841366	0.6843673446142778	0.6996404368139154	0.5741458958202322	0.6996404368033801	0.5741458957641388	0.634585300125425	0.7046795040224931	0.634585300138168	0.7046795039885575
0.6989392385787564	0.6294955277067106	0.6989392385788592	0.6294955277053205	0.56948646310761	0.6963054850109553	0.5694864631063685	0.6963054850086944	0.6806866536322859	0.6591210045716492	0.6806866536323184	0.659121004574382	0.6591210045681656	0.6806866536183199	0.659121004558705	0.6806866536124578	0.696305485001464	0.5694864631020232	0.696305484983514	0.5694864630540855	0.6294955276766114	0.6989392385781261	0.6294955276858165	0.6989392385500068
