2.748558212414894
2.9691174660801143
3.205557204960936
3.458416718577069
3.728147593539971
4.015100401683116
4.319513022829584
4.641500793466066
4.981048501700353
5.338003801780291
5.712071126906956
6.102804551966922
6.509597480649886
6.931666219059965
7.368024125333361
7.8174426441198035
8.27839597380545
8.748987458771728
9.226858637040237
9.709086472327646
10.192080370227572
10.671497180622438
11.142197373871923
11.598266288054049
12.03311856244731
12.439691313943657
12.810715046253248
13.139035778875373
13.417952833406982
13.641536914197394
13.804901479017907
