1.2850665215712282e-16
1.2742780838039064e-16
1.2626251879124544e-16
1.250065730116634e-16
1.236562615526787e-16
1.2220827187392356e-16
1.206599144605069e-16
1.1900920624933739e-16
1.1725491052187111e-16
1.153967413189306e-16
1.1343533915756193e-16
1.1137239878190874e-16
1.0921080676244744e-16
1.0695461000263112e-16
1.0460946573406492e-16
1.0218259013175693e-16
9.968320741858824e-17
9.712291201986289e-17
9.451613241114719e-17
9.188064980460678e-17
8.923805052787378e-17
8.661407894336993e-17
8.403870570836397e-17
8.154582219448496e-17
7.917249634417727e-17
7.6957759576366e-17
7.494105790334936e-17
7.316051974710132e-17
7.165124174038175e-17
7.044378382994833e-17
6.956297074951674e-17
