1.284967774981552e-16
1.2741518017669716e-16
1.2624655596112302e-16
1.2498670825087702e-16
1.2363192834142357e-16
1.2217906920786228e-16
1.2062576244421792e-16
1.189705555235059e-16
1.172131063997478e-16
1.153543674904789e-16
1.1339677068352595e-16
1.113444210489411e-16
1.0920326847966576e-16
1.0698128291593076e-16
1.0468859743881965e-16
1.0233761868249283e-16
9.994311554451395e-17
9.752219056285706e-17
9.509442461555141e-17
9.268071152560422e-17
9.030491409886376e-17
8.799149914126723e-17
8.57661329839801e-17
8.365467265165565e-17
8.168282434398489e-17
7.987542305925055e-17
7.825589214642409e-17
7.684640591053012e-17
7.56640890020046e-17
7.472753403776124e-17
7.435780824434282e-17
