0.033664343598529635	0.028065215030668594	0.03366434359825424	0.028065215025017225	0.026097900707580533	0.02668650566264437	0.026097900695405053	0.026686505647486695	0.026739250838884003	0.026689456442579463	0.026739250840317495	0.026689456447534163	0.02668951357846986	0.026739063128371748	0.026689513589070818	0.0267390631504145	0.026686021899155053	0.026101801469132775	0.026686021939745598	0.026101801441580315	0.028077492035486314	0.03354700953263066	0.028077492034567306	0.033547009543446873	0.0001008632503830635	1.4931458244115721e-27	0.00010086324993316012	4.332501757641624e-32
0.036843596228288325	0.030210690095513172	0.036843596233070056	0.030210690098474574	0.027950151731071883	0.028693860936265234	0.027950151713091967	0.028693860928547654	0.028751003820574	0.028684054467558163	0.028751003829459425	0.02868405445741704	0.028684141506972894	0.02875074807161047	0.028684141555350193	0.02875074808908446	0.028693186358385272	0.027955177701959	0.02869318634393446	0.027955177650525385	0.030226661194491623	0.036701638479064436	0.03022666122519071	0.036701638504046674	0.00012056333659390295	3.517348624061256e-26	0.00012056333243820631	8.447759164791266e-29
0.04033783869178374	0.03248194590211026	0.04033783869185557	0.03248194590193031	0.02989230509224758	0.030830475267700747	0.02989230508109823	0.03083047526940797	0.03088971958139878	0.0308000563039251	0.030889719576674128	0.030800056322565206	0.030800189004550373	0.03088937223515311	0.030800189026246344	0.030889372152479503	0.030829534072822184	0.02989878380346229	0.030829534055788713	0.02989878368469356	0.03250272339986585	0.04016588436248918	0.032502723424391394	0.04016588444139326	0.00014416204637833117	1.2672741740584765e-24	0.00014416204239905256	1.7151062405211585e-30
0.04417505177946409	0.03487511340196832	0.04417505179410149	0.03487511340403751	0.031918811905339926	0.03309991702436375	0.03191881190322951	0.033099917009957645	0.033157228799833245	0.033037699509695914	0.03315722879561551	0.03303769950646742	0.033037901594635856	0.033156758793648496	0.03303790156873988	0.033156758834814504	0.03309860375762387	0.031927165080535495	0.03309860277105646	0.03192716511631422	0.03490213315997444	0.04396656599423777	0.034902133230415834	0.043966566008827666	0.00017239452698023652	7.400497134222827e-28	0.0001723945389112974	3.152349653616547e-29
0.048384642301494	0.03738352909373867	0.04838464231409778	0.03738352909248369	0.0340220990762431	0.03550548513873014	0.0340220990782378	0.035505485144323314	0.03555434425348277	0.03539585161320367	0.03555434424415547	0.035395851613177265	0.035396159052700056	0.03555371186770455	0.03539615906972243	0.03555371182003529	0.035503652646503896	0.03403287028799241	0.035503652606716424	0.03403287037949665	0.037418635403488464	0.04813169702079798	0.0374186347648406	0.04813169691024442	0.00020611398650356892	2.9688641394512213e-25	0.0002061139816961433	6.723874425632679e-30
0.05299726994277951	0.039997373285087685	0.052997269967455296	0.03999737328520194	0.03619246277316557	0.038050319621532755	0.03619246276462762	0.038050319611760745	0.038080738957210696	0.03787185826161176	0.03808073896394991	0.03787185826299888	0.03787232498455526	0.0380798934839188	0.037872324871960274	0.03807989357414163	0.03804776328850702	0.03620635005881256	0.038047763272210745	0.036206350098207184	0.040042924885843434	0.05269027342622694	0.040042924949578305	0.05269027365697979	0.00024630280533362645	5.449094978128234e-28	0.00024630279804610056	1.1068209015259285e-31
0.05804460215731127	0.04270335190156586	0.05804460215517446	0.042703351900031904	0.03841801694939004	0.040737558089469945	0.0384180169582525	0.04073755810618639	0.04073482432467045	0.040461411006055645	0.04073482430357694	0.040461410992837815	0.04046211794508855	0.040733702598527786	0.0404621180492526	0.04073370255463246	0.040733993461343355	0.03843591524311212	0.040733993731489566	0.0384359153027193	0.04276234438893187	0.05767199966135314	0.04276234425316277	0.0576719987881718	0.00029408139143035473	1.040639158261673e-27	0.0002940813870975851	2.6959555355243043e-31
0.06355897717699072	0.04548444748083598	0.06355897717747484	0.04548444748685794	0.04068470519669756	0.043570535198068173	0.04068470519214115	0.04357053520277454	0.04351362365528171	0.0431584422778087	0.043513623646852864	0.0431584422989091	0.04315950962303005	0.04351214916932374	0.04315950971324852	0.043512149051534874	0.043565569209139995	0.04070775993613772	0.04356556897872477	0.040707761327823055	0.04556066159215307	0.06310690641028802	0.04556066133283805	0.063106906057028	0.00035071436736534725	1.7013067231675122e-25	0.00035071436302364334	1.1107926517297992e-35
0.06957294950879597	0.048319768463251415	0.06957294950089399	0.0483197684759821	0.04297638244821002	0.04655301486356593	0.042976382450866144	0.046553014869704194	0.04641263533958124	0.045955054963133644	0.04641263534927506	0.04595505498211353	0.045956660297715786	0.04641071826911518	0.045956660532037584	0.046410718395589134	0.04654610278466054	0.04300605604764845	0.046546102750975225	0.043006056004870806	0.04841793879094448	0.06902486968159352	0.04841793884172438	0.06902486972664033	0.0004176116013157886	4.597241044186037e-25	0.0004176115531300593	2.295152657219803e-32
0.0761186821492622	0.05118452692461884	0.07611868215168908	0.05118452693497152	0.045274970345392886	0.04968943979062164	0.04527497034336824	0.04968943979502985	0.04942567617058721	0.04884149438965905	0.04942567617320928	0.04884149439153804	0.048843897983076714	0.04942321687102145	0.0488438981163649	0.049423216808708995	0.04967983366341801	0.045313119986525575	0.049679833702489865	0.04531311988034798	0.0513105316515088	0.07545497887453867	0.05131053151557211	0.07545497887022252	0.0004963226014780013	4.153586201098842e-25	0.0004963225861772308	1.6134796089202197e-32
0.08322714024469365	0.054050175800621936	0.08322714025294613	0.05405017581196061	0.04756068910051181	0.05298517290883323	0.04756068910267162	0.05298517290666918	0.052544696743766	0.05180616961858467	0.05254469674440544	0.05180616955567246	0.05180974980427759	0.05254159209648331	0.051809749852349686	0.05254159212663465	0.05297184707274458	0.04760966363004698	0.052971847102842744	0.047609663444572244	0.05421124334311491	0.0824247183643167	0.05421124307610753	0.08242471877108304	0.0005885222287307145	5.137746798090663e-26	0.0005885222194665057	1.9628397231136295e-32
0.09092702794652557	0.056884736498810165	0.09092702795337673	0.05688473650283276	0.049812368388859954	0.056446696095609296	0.04981236839439982	0.05644669608593672	0.05575955974366151	0.054835732473030974	0.0557595597463491	0.054835732468121665	0.0548410326864038	0.055755716163339825	0.05484103268913114	0.055755716148732086	0.05642825475643855	0.04987511841168374	0.056428254756499284	0.04987511841191881	0.05708966096628096	0.08995892239046352	0.05708966092618069	0.08995892237631567	0.000695984403217517	9.538625508671761e-27	0.0006959844125640272	8.001856957304525e-34
0.0992433992318743	0.05965334559821757	0.09924339923343742	0.05965334559825458	0.05200784146768968	0.06008171815569453	0.05200784146675956	0.06008171815366033	0.059057775605046416	0.057915219253822085	0.059057775598728636	0.05791521924410417	0.05792301277393156	0.05905313027982988	0.05792301273578503	0.059053130260531474	0.06005627577647273	0.05208804300943526	0.060056275906086885	0.05208804312913958	0.059912701661027024	0.0980784233381388	0.0599127016738156	0.09807842320584807	0.0008205418682290205	1.0994358091671407e-26	0.0008205418715345951	5.042562713287756e-33
0.10819586500899114	0.06231904604462084	0.10819586500875229	0.062319046045317184	0.05412442957893125	0.06389912914350283	0.054124429578257	0.06389912914317541	0.062424196506794344	0.06102826010780627	0.06242419650445007	0.06102826010431896	0.06103963204411436	0.062418750120570875	0.06103963205013258	0.06241875011301984	0.06386416324293291	0.05422661560642514	0.06386416324056819	0.05422661562275121	0.06264538205425724	0.10679834973728153	0.06264538205360287	0.10679834973987516	0.0009640283470944275	8.201711829902667e-26	0.0009640283436985625	3.0674138894345e-31
0.11779631958763044	0.06484384177023439	0.11779631958915868	0.06484384176973222	0.05613952644923455	0.06790872029729561	0.05613952644118674	0.0679087202902859	0.06584068093836326	0.06415735608388702	0.06584068093548018	0.06415735608193344	0.06417380753648882	0.065834543939709	0.06417380754588572	0.06583454392629451	0.06786089532839124	0.056269214656157855	0.06786089533379226	0.05626921464254904	0.06525183267430837	0.1161259910611251	0.06525183274657127	0.11612599104839437	0.001128200543543293	4.0576050184144423e-26	0.0011282005410751248	1.3560660068866894e-32
0.1280461242452954	0.06719002374101157	0.128046124250755	0.06719002374246376	0.05803129268035905	0.07212057089377877	0.058031292676425116	0.07212057089176122	0.06928575788701045	0.0672842173468052	0.06928575789005978	0.06728421734791032	0.06730779092273396	0.06927921163121566	0.0673077909305589	0.06927921164364018	0.07205553812104976	0.05819509684086229	0.07205553812987502	0.05819509683094482	0.06769654939085573	0.12605818914453923	0.0676965493953868	0.1260581891381513	0.001314636940109501	4.9998187678370824e-27	0.0013146369404852378	3.13572873742663e-32
0.1389327262629242	0.0693217580978011	0.13893272626636047	0.06932175809781717	0.059779465426248554	0.0765439906016172	0.059779465425002724	0.07654399060016814	0.07273434370486588	0.07039014501044981	0.0727343437078257	0.0703901450086233	0.07042356881504033	0.0727279159165132	0.07042356881724547	0.07272791592151731	0.07645617465359984	0.05998516738637127	0.07645617466158217	0.059985167381122494	0.06994587165673306	0.13657824332101243	0.06994587165120021	0.13657824332694454	0.0015246116095715947	5.284209891372839e-26	0.0015246116048691014	7.705302295177995e-33
0.15042576377434977	0.07120690074196892	0.15042576377278288	0.07120690074452093	0.06136627463859341	0.08118590523346586	0.061366274635678335	0.08118590523235468	0.0761575928137283	0.07345642428588861	0.07615759281159187	0.07345642428734947	0.0735032655110555	0.07615214233749433	0.07350326551854587	0.07615214233403912	0.08106829852843656	0.06162283113667795	0.08106829853336822	0.061622831121400476	0.07196964418811135	0.14765238549842197	0.07196964420315044	0.14765238550488657	0.0017589420300562078	7.124726181273299e-29	0.0017589420257997153	2.6777265017959036e-33
0.16247282001268804	0.0728189660274812	0.16247282001360608	0.07281896602918804	0.06277743345632765	0.08604859902445657	0.06277743345290378	0.08604859902489684	0.07952299200524184	0.07646467872945452	0.07952299200603694	0.07646467873244965	0.07652948990603688	0.07951979335519746	0.07652948991101546	0.07951979336064673	0.08589259718285179	0.06309488813879696	0.08589259719081184	0.06309488815048898	0.07374298590010411	0.15922598923192466	0.07374298590346985	0.15922598921547587	0.002017812661422233	5.085170152737059e-28	0.0020178126575053548	3.8090675901984986e-34
0.17499514164466115	0.074139130671219	0.17499514164697677	0.07413913067454364	0.0640031360641507	0.09112679033540046	0.06400313605950703	0.09112679033588517	0.08279482708117343	0.07939711885147126	0.08279482708208952	0.0793971188557013	0.079485549292216	0.08279563914847171	0.07948554929809626	0.082795639148398	0.09092211566759678	0.0643924073941732	0.09092211567065538	0.06439240740176329	0.07524805009492827	0.17121981332286115	0.07524805009539964	0.17121981331226133	0.002300579400400295	1.592757559234699e-30	0.0023005793955384393	5.5383731441846665e-33
0.18788381061399792	0.07515810248244124	0.18788381061340292	0.07515810248566297	0.06503895785974356	0.09640413267619082	0.06503895785572894	0.096404132675281	0.08593514545202607	0.08223661045802011	0.08593514545581091	0.08223661046142924	0.08235544434016696	0.08594224323172275	0.08235544434350377	0.08594224322715412	0.09613890524008165	0.06551147826004873	0.09613890524392607	0.06551147825778142	0.07647561559206101	0.18352673978001977	0.07647561560209226	0.18352673978257056	0.002605565468429071	1.5702787091491549e-28	0.002605565466066841	8.394963987069102e-34
0.2009970201544945	0.07587763735539399	0.2009970201554543	0.07587763735880147	0.06588652003948395	0.10184940001642691	0.06588652003755313	0.10184940001689718	0.08890529283264667	0.08496649896281844	0.08890529283169192	0.08496649896407749	0.08512357104677927	0.08892143832509923	0.0851235710508525	0.0889214383230688	0.10151042326257503	0.06645371242487176	0.10151042325948417	0.06645371242227367	0.07742631322990462	0.19600960662802328	0.07742631323024889	0.19600960663421632	0.0029298659786450108	1.9757775905296824e-30	0.0029298659755117125	2.071379987859397e-33
0.21415919870231528	0.07631146255483477	0.21415919869959602	0.07631146255857434	0.06655376904529231	0.10741281594662315	0.0665537690466997	0.10741281594849682	0.09166800452864549	0.08757016416709884	0.09166800452913405	0.08757016416747289	0.08777409963373256	0.09169633482888988	0.08777409963335141	0.09169633483275577	0.10698614097223719	0.06722636265352969	0.10698614096675096	0.06722636265829196	0.07811127891843107	0.2085008100941931	0.07811127891763417	0.20850081010341512	0.0032691860563346157	2.660022125260024e-29	0.0032691860551294777	4.410530513061884e-33
0.22716268325110556	0.07648537808080626	0.22716268324968925	0.07648537808301704	0.06705474493265758	0.1130231748952914	0.0670547449334032	0.11302317489661422	0.09418988626134166	0.09003034812816596	0.0941898862612792	0.0900303481296608	0.09029007875272518	0.09423370541063072	0.09029007875417025	0.09423370541358879	0.11249498781096452	0.06784195202433177	0.11249498781570312	0.06784195203249192	0.07855204945177323	0.22080429369067728	0.07855204945342802	0.22080429369050247	0.003617743895060525	1.0634542732619574e-32	0.0036177438913249406	7.550034099211588e-33
0.23977241961402748	0.07643637426700242	0.23977241961561246	0.07643637426766	0.06740877826808069	0.11858651171465888	0.06740877826598703	0.11858651171558923	0.09644395446905153	0.09232838622764826	0.09644395446964632	0.09232838622758	0.09265241731915505	0.0965064315983191	0.09265241732180671	0.09650643160183035	0.11794434849962632	0.06831737585583	0.11794434850712315	0.06831737586993988	0.07877958886378561	0.2327003134523751	0.07877958887005591	0.2327003134576121	0.003968273298026298	4.594917538673101e-32	0.003968273298350293	5.489762452000987e-33
0.2517337603408573	0.07621072305045773	0.2517337603430189	0.07621072305088851	0.06763915451988334	0.12398703062261869	0.06763915451810046	0.12398703062428242	0.09841177573955985	0.09444355199345683	0.09841177574076895	0.09444355199340224	0.09483899628099103	0.09849557235342152	0.09483899628537996	0.09849557235845749	0.12322126195297312	0.06867253852218436	0.1232212619644957	0.06867253853636295	0.07883244902634215	0.24395297359797025	0.07883244903434439	0.24395297362949847	0.004312156883493188	9.376448182259442e-32	0.004312156883306389	3.549947212655476e-33
0.26278291745502963	0.07586115355964974	0.26278291745743654	0.07586115355991067	0.06777139267017396	0.12909076390128935	0.06777139266954038	0.12909076390148422	0.10008471260065334	0.0963527652486663	0.10008471260137158	0.0963527652484208	0.09682421923495807	0.10019158300300426	0.09682421924091754	0.10019158300309602	0.12819621544174575	0.06892869444117448	0.12819621545514012	0.06892869444822555	0.07875420621325006	0.2543200422977326	0.07875420623420809	0.254320042338595	0.004639710387713685	1.654730352366687e-32	0.004639710385135223	2.23194653228751e-32
0.2726591437438631	0.07544337201781223	0.27265914374645045	0.07544337202035209	0.06783136523032425	0.13375201559989383	0.06783136522736548	0.13375201559808428	0.1014638909798225	0.09803088066344297	0.10146389098300568	0.09803088066251567	0.09857928636734391	0.1015943155678995	0.09857928637846024	0.10159431555994029	0.13272951128724245	0.06910673895592774	0.1327295113071424	0.06910673896554614	0.07859043938370583	0.2635641164456643	0.07859043941100988	0.26356411645262606	0.004940619738512505	2.3285396134617274e-32	0.004940619735300493	1.0854223367966273e-33
0.28111741745968805	0.07501228837267039	0.2811174174600118	0.0750122883745569	0.06784350983960045	0.13782214819696414	0.06784350983903685	0.137822148197857	0.10255874623068233	0.09945166483096984	0.10255874623174167	0.09945166482732766	0.10007335671309482	0.10271166241716578	0.10007335672183353	0.10271166242013734	0.1366797074344331	0.06922570900718963	0.1366797074613793	0.06922570899722512	0.0783855871112659	0.27146395916876376	0.07838558713711152	0.27146395919112287	0.005204509480257435	1.6863978970017154e-32	0.005204509482007608	2.1884695677400388e-32
0.2879403892344036	0.07461833632861974	0.28794038923572673	0.07461833633010473	0.06782933806231733	0.1411598253934833	0.0678293380606102	0.1411598253923646	0.10338431597545024	0.10058940967553148	0.1033843159764762	0.1005894096720243	0.10127556955440911	0.10355700361356206	0.10127556956811945	0.10355700361861536	0.13991323543776926	0.06930169153900442	0.1399132354577245	0.06930169152119628	0.07818001425754402	0.27782487114094073	0.07818001427858005	0.2778248711493741	0.005421597957905071	2.466505398811509e-32	0.005421597958112173	4.8915003633131875e-33
0.2929486080788725	0.07430421724982268	0.29294860807979506	0.07430421725174559	0.06780635186169917	0.14364155131384843	0.06780635185928097	0.14364155131246525	0.10395773336069403	0.1014209674907799	0.10395773336121734	0.10142096748719466	0.10215767935371392	0.10414589077744536	0.10215767936029602	0.1041458907828535	0.14231409155699448	0.06934721902661856	0.14231409158562144	0.06934721902234087	0.07800754107594449	0.2824872594289544	0.07800754109519847	0.28248725943690767	0.005583376782724016	4.6781861780500945e-33	0.005583376778927592	1.5063375450243887e-32
