3.536559688654961e-6
2.8275881049921736e-6
2.909756403823849e-6
3.0731225706404075e-6
2.832656718965154e-6
2.5751260182005353e-6
2.048327587544918e-6
2.1372034098021686e-6
2.113982191076502e-6
2.041053448920138e-6
2.2084022930357605e-6
2.0755978766828775e-6
1.76061803358607e-6
2.044867869699374e-6
2.008942828979343e-6
1.8538557924330235e-6
1.8859500414691865e-6
1.877917384263128e-6
1.835389412008226e-6
2.0042789401486516e-6
2.0661245798692107e-6
2.3564498405903578e-6
2.4835753720253706e-6
2.6884954422712326e-6
3.385066520422697e-6
4.136236384510994e-6
5.575013346970081e-6
7.967697456479073e-6
1.0811956599354744e-5
1.916196197271347e-5
4.2675063014030457e-5
