1.3231294852579445e-12
4.4517302252796664e-13
6.121658336188894e-13
6.497487671931615e-13
7.751755514028982e-13
5.601226792504391e-13
6.296684084128047e-13
5.426492571415181e-13
5.624103867111923e-13
5.646289622317939e-13
5.319646092123681e-13
5.46827430835611e-13
4.4079057616330656e-13
5.297687454077825e-13
4.555096145901278e-13
3.235409882866289e-13
3.0875883322935013e-13
2.0847380365146738e-13
1.6917759331101157e-13
1.8171082128745696e-13
1.654658422393035e-13
1.1398753399385295e-13
8.480753284067856e-14
1.3509598552866218e-13
2.4237100420639777e-13
2.622607916827196e-13
1.7212834094123866e-13
1.9997460406301068e-13
9.44872021108511e-14
2.1097753059187462e-13
-1.7614639425600172e-15
