1.3586133124953222e-16
1.341019954079941e-16
1.322092285881469e-16
1.301782649659172e-16
1.2800531268755946e-16
1.2568778692713854e-16
1.2322441382256668e-16
1.2061578850484584e-16
1.1786390046654027e-16
1.1497291077352892e-16
1.1121869750737723e-16
1.088003816760697e-16
1.05537671201588e-16
1.0217360785169547e-16
9.877153674004714e-17
9.520425787487135e-17
9.163613569366483e-17
8.804160834246958e-17
8.444489063292986e-17
8.087391141417472e-17
7.735965028676805e-17
7.393116231643607e-17
7.062696716850476e-17
6.748259125345577e-17
6.453586291739227e-17
6.182508757082367e-17
5.938752384250229e-17
5.72583149764639e-17
5.546932679569418e-17
5.4047984669847256e-17
5.301643849062252e-17
