1.3584163564917307e-16
1.3407652183438073e-16
1.3217655373223243e-16
1.3013675166317956e-16
1.279531520945775e-16
1.2562306324351836e-16
1.2314532171058168e-16
1.2052042161143258e-16
1.1775153069392385e-16
1.1484324076288418e-16
1.1180085760178047e-16
1.0864200912804762e-16
1.0537265715393618e-16
1.0201144974141356e-16
9.857743041090338e-17
9.509335660498186e-17
9.158360496456837e-17
8.807164128354257e-17
8.459917783855196e-17
8.118522641917263e-17
7.786492204549701e-17
7.467153025459276e-17
7.16361825133561e-17
6.878882300487324e-17
6.616009926873486e-17
6.377309750175399e-17
6.165396793991679e-17
5.982438304948861e-17
5.830169788510674e-17
5.710013475353094e-17
5.623507887265377e-17
