63.73712789055188
66.53935434254586
69.34381874606112
72.1261418570444
74.85890741418311
77.51179479085476
80.05179572425804
82.44351480153921
84.64954161033869
86.63088265812375
88.3474344194286
89.75848012848432
90.82319112592072
91.50111867377814
91.75266691868435
91.53954612821747
90.82521671138097
89.57534642042104
87.75831657751242
85.34582466573775
82.3136377709581
78.64255014395525
74.31958524156134
69.33945545960441
63.706252248783244
57.43528769581993
50.55494989445432
43.10837069926544
35.15463925861389
26.769240190673358
18.043381275231592
