1.2850622403750443e-16
1.2742726188535151e-16
1.2626184271606503e-16
1.250058090550994e-16
1.2365546124800652e-16
1.2220754742674319e-16
1.2065949840974816e-16
1.1900948335066466e-16
1.1725654893350737e-16
1.1540072823005532e-16
1.1344315728723226e-16
1.1138618967442874e-16
1.0923351474447267e-16
1.0699029783825792e-16
1.0466334068674015e-16
1.0226127897231789e-16
9.979481754549767e-17
9.727700464266615e-17
9.47235366734902e-17
9.215304870607881e-17
8.958740812748035e-17
8.705176382291016e-17
8.457457162759078e-17
8.218722764168969e-17
7.99234321904506e-17
7.78182395063466e-17
7.590682742798697e-17
7.422312714333677e-17
7.279841870489608e-17
7.166004440724563e-17
7.083032686809087e-17
