-136.92182228761735
-145.7117329759646
-155.09289057705195
-165.1042769407751
-175.789152129726
-187.19625718592042
-199.3813565635622
-212.40919593344174
-226.35597665128998
-241.31247390431187
-257.38797917491
-274.7153122979486
-293.4572586759111
-313.8149393613389
-336.0388597761613
-360.44374337202703
-387.42881958266156
-417.50613406574246
-451.3409206327405
-489.810558875689
-534.09298071366
-585.8032682130911
-647.212142162377
-721.6099413525523
-813.9432211975286
-931.9963155713511
-1088.753290369211
-1307.592469129921
-1635.2703565879729
-2180.8706306243325
-3271.597712352264
