5.80583573618761e-30	0.00010099688989884067	5.237581575678519e-28	0.00010099689141484266	0.03354054766648544	0.02812269831110477	0.033540547666317116	0.028122698314171378	0.026092086593076227	0.026087683229816548	0.0260920866046029	0.026087683229273684	0.028110231856923486	0.03365793970368415	0.028110231838532534	0.033657939696422765
5.45202827398127e-29	0.00012075480629063139	2.4883388510685124e-27	0.00012075480788199836	0.03669110401799237	0.030286221494570005	0.03669110401709447	0.03028622149848432	0.027954397447690384	0.027948666144483932	0.027954397458277446	0.027948666151096976	0.030269994199846002	0.036833149501789876	0.03026999420072636	0.03683314950241382
1.2021556500085589e-31	0.00014443448969740972	1.4321641426351692e-26	0.00014443449247624138	0.04014905408118308	0.03258078473547312	0.04014905407413504	0.03258078474119013	0.029912898367010634	0.029905428434971227	0.029912898368903266	0.029905428439523075	0.032559662856342056	0.040321141396223975	0.032559662855845696	0.040321141399887316
4.029484506759249e-36	0.0001727790339300259	6.598820992947663e-28	0.0001727790390116812	0.043940134011200276	0.03500383661529641	0.043940134017329296	0.03500383662007063	0.03196463559218038	0.03195488740623848	0.03196463559459872	0.031954887410808215	0.03497635777231872	0.044148821626074655	0.03497635777159197	0.04414882163053829
4.3869623394422566e-32	0.0002066515165200571	2.2111480056521887e-25	0.0002066515232319075	0.048090810571825626	0.037550269770286665	0.04809081057663077	0.03755026977659525	0.034105445974535235	0.03409271009494519	0.03410544598295786	0.03409271009538805	0.037514557039235064	0.04834406304497295	0.03751455702549706	0.048344062996717695
3.3702042284008904e-35	0.0002470459336419626	1.620786181154898e-27	0.000247045943186102	0.05262790608758807	0.040212070011694134	0.052627906085488736	0.040212070033688464	0.03633002616401013	0.036313369480793035	0.03633002618103331	0.036313369487978614	0.04016572826688727	0.05293536789208952	0.04016572826037776	0.05293536788310524
1.6841833217034083e-33	0.00029509588783387114	9.329753261261157e-25	0.00029509589363867515	0.057578106576227334	0.04297799942394085	0.05757810658057936	0.04297799943761555	0.038632066312986164	0.03861026131176883	0.03863206631182035	0.03861026130383059	0.04291799272943821	0.05795141627587239	0.042917992721542536	0.05795141625880195
2.7588432568805994e-31	0.00035207949689385255	1.1121624528267289e-26	0.0003520794996636397	0.06296733210763	0.04583333801811696	0.06296733210659408	0.04583333802517694	0.041004445467204886	0.04097587775570354	0.04100444546722831	0.040975877748371886	0.04575584768375441	0.0634204771586478	0.04575584767266404	0.06342047714265316
7.099429803626342e-37	0.0004194186969394642	1.3906257581413088e-28	0.0004194186995405315	0.06881994567681483	0.04875971264248699	0.06881994568037138	0.048759712646478603	0.04343947943366673	0.043402027460667264	0.04343947943509085	0.043402027460667	0.04865997715780053	0.0693696565262614	0.04865997714630909	0.069369656516054
4.8165280928957475e-34	0.000498670812407654	9.58707808817705e-27	0.0004986708146691421	0.07515777610748423	0.051735045094264326	0.0751577761120597	0.05173504509979665	0.04592920308378219	0.04588008352207994	0.045929203092002435	0.04588008350355806	0.05160718530342739	0.07582395399716417	0.051607185297926225	0.07582395391546744
4.134926393068759e-32	0.0005915098188461985	2.0065279212248995e-28	0.0005915098202893804	0.08199892956202426	0.054733653499393936	0.08199892956391674	0.05473365350658732	0.04846566234510469	0.048401233854808726	0.048465662354914514	0.04840123385289899	0.054570489452925156	0.08280509815996731	0.054570489439085	0.08280509805792138
5.670785332580102e-35	0.0006996947925164913	6.545114951275302e-26	0.0006996947948226831	0.08935636771301018	0.0577265416499467	0.08935636771696791	0.05772654165384308	0.05104118417398159	0.05095670331607394	0.05104118418948463	0.05095670334330709	0.057519410909888824	0.09033013285860289	0.057519410824061756	0.09033013282752379
2.878814189045205e-32	0.0008250229832845113	8.361612319627918e-27	0.0008250229857074789	0.09723623947419496	0.06068190871478787	0.09723623947767786	0.060681908716807	0.05364858895906397	0.05353791370457119	0.053648588958041324	0.05353791371024132	0.06042050023781783	0.09840973173971876	0.0604205002276879	0.09840973173602756
2.846743968385583e-32	0.0009692651691650886	1.3316076315893977e-26	0.0009692651702697897	0.10563596993772884	0.06356590573101695	0.10563596994367251	0.06356590573412409	0.05628130782136368	0.05613654929282905	0.0562813078206456	0.05613654929392568	0.06323812813477994	0.10704623698443096	0.0632381281262851	0.10704623697325472
2.174488471154565e-32	0.0011340816843055698	3.0475065142691985e-29	0.0011340816843325727	0.11454214042409996	0.0663436533845989	0.1145421404306994	0.06634365338549651	0.0589333703444677	0.0587445013431524	0.05893337034462432	0.05874450134360891	0.0659355597186993	0.11623144119196667	0.06593555971006827	0.1162314411816301
3.321955040559203e-29	0.0013209182490728148	2.8430218583738572e-30	0.0013209182489768226	0.12392823715570109	0.06898051690949471	0.12392823715681818	0.06898051691269409	0.06159923393706943	0.06135367506259817	0.061599233921385096	0.061353675165431706	0.06847631285693029	0.12594417696321866	0.06847631278253022	0.1259441769675764
1.2096366107165896e-33	0.0015308819813198388	1.223876655899976e-27	0.0015308819844249404	0.1337524048604681	0.07144360610394813	0.13375240486351397	0.07144360611113217	0.06427343791699075	0.06395565953844963	0.06427343791864852	0.06395565953129723	0.07082576953390891	0.13614783371986808	0.07082576953419757	0.13614783372594869
1.3040720043768994e-34	0.0017645994580538916	3.509106731380683e-28	0.0017645994596145911	0.14395540892352446	0.07370343248133569	0.1439554089271186	0.07370343248364672	0.06695008084684813	0.06654127852438127	0.0669500808476601	0.06654127853359945	0.07295297404569068	0.1467879874261281	0.07295297404144499	0.14678798742721105
2.2078307908863512e-31	0.002022060326430173	1.8923360382579422e-30	0.002022060329116215	0.1544590735687926	0.07573561304756468	0.15445907356938637	0.07573561305106338	0.06962214027337868	0.0691000670120288	0.06962214027580693	0.0691000670100719	0.07483250272623938	0.1577903978015277	0.07483250272486501	0.15779039780995816
1.4445796599021203e-38	0.0023024521424997685	3.1880874407064336e-30	0.002302452144172285	0.16516550486322368	0.07752246912978718	0.16516550486186216	0.07752246913100402	0.07228067717445023	0.07161973437419802	0.07228067717373711	0.07161973437728826	0.07644624994014594	0.1690596710762995	0.07644624993870909	0.16905967107786085
3.5638300594187597e-37	0.0026039942828288416	1.9146755846469254e-27	0.0026039942831906993	0.17595740311871955	0.0790543380275098	0.1759574031184925	0.07905433802607761	0.07491399193662705	0.0740856964683134	0.07491399193683877	0.07408569647532612	0.07778493715653427	0.18047889767159003	0.07778493715127005	0.1804788976693463
2.931819407035932e-29	0.0029237819600095023	7.552440531508775e-29	0.002923781961052206	0.18669970084557527	0.08033040980850889	0.18669970084482637	0.08033040980959778	0.07750682029516405	0.07648076272699904	0.07750682029410327	0.07648076273986033	0.07884914397214686	0.19191052443320836	0.07884914396898624	0.19191052443345616
2.821578676842494e-34	0.0032576549753423993	1.273445668885382e-31	0.003257654978324377	0.19724262396073783	0.08135893070178582	0.19724262396528675	0.08135893070026591	0.08003967337824953	0.07878505723701362	0.08003967337761178	0.07878505724966486	0.07964968413327347	0.20319861265539627	0.07964968412745674	0.20319861265063163
3.6823056224674214e-31	0.0036001103929210986	7.835821874227314e-33	0.00360011039385722	0.2074260820531941	0.08215668223921378	0.2074260820581194	0.08215668224260118	0.08248843207693692	0.08097622767088171	0.08248843208099735	0.0809762276760413	0.08020721310063036	0.21417247723122745	0.08020721309649051	0.2141724772295939
5.95204770777153e-33	0.003944283188196243	3.4231163310399976e-32	0.003944283191226719	0.21708508607332339	0.08274774312331418	0.2170850860742288	0.08274774312167882	0.08482430079498762	0.083029957339092	0.08482430079562372	0.08302995733828261	0.08055104755856606	0.22465153452818545	0.08055104755746598	0.22465153452999073
2.940695227861351e-33	0.004282022563589508	1.2598908038019583e-34	0.0042820225681953535	0.226055721176169	0.0831616475411694	0.22605572117750897	0.08316164753956755	0.08701420810057409	0.08492074934662237	0.08701420810104757	0.08492074934510929	0.0807172820868067	0.23445104673713357	0.08071728208773092	0.23445104673792638
1.445937905734964e-33	0.004604092263540941	7.192097786490476e-35	0.004604092263465642	0.23418111617373455	0.08343114436081399	0.23418111617345538	0.08343114436086628	0.08902171231885873	0.08662290948804721	0.08902171231943978	0.08662290948703343	0.08074637989513678	0.24338837538679683	0.08074637989520453	0.2433883753812793
8.478965276998513e-34	0.004900516890497189	4.0814019753112995e-32	0.00490051689042366	0.24131687506225297	0.08358981077418255	0.2413168750620464	0.08358981077430415	0.09080842639950931	0.08811162560247653	0.09080842640037333	0.08811162560173619	0.08068047105991413	0.2512893535852399	0.08068047105995069	0.251289353579144
6.786649787855078e-34	0.005161081523700152	1.9175848217582907e-33	0.005161081523512921	0.24733556468105258	0.08366977141662238	0.24733556468113532	0.08366977141728328	0.09233591879336944	0.0893640335338677	0.09233591879415223	0.08936403353242657	0.08056060424234046	0.25799444062568333	0.08056060424119169	0.2579944406215803
5.203105878707591e-34	0.005375966310304385	2.785115556196634e-34	0.0053759663103712385	0.2521300494213247	0.08369972200426982	0.2521300494210748	0.08369972200431623	0.09356797530450885	0.09036017393819494	0.0935679753054881	0.09036017393725655	0.08042416985248303	0.26336439517638616	0.08042416985227868	0.2633643951707711
7.950997734066506e-34	0.005536466049418393	1.1637329444316314e-33	0.005536466049462993	0.2556156785951471	0.08370337345810075	0.25561567859445566	0.08370337345789078	0.09447303021098662	0.09108377539672466	0.09447303021254953	0.09108377539587934	0.08030265992641021	0.2672852630210892	0.08030265992602684	0.267285263013227
