9.790001675762952e-13
3.576328874550873e-13
4.93416880521447e-13
6.220615150829252e-13
5.857143119437459e-13
4.570621787557e-13
3.8017081376212287e-13
5.55194698623422e-13
5.708360378543339e-13
4.662899573353494e-13
5.114843250898659e-13
5.545884024800489e-13
4.753523133262839e-13
3.8548480658964785e-13
3.830389057942306e-13
2.978452390392451e-13
1.7601867665692424e-13
3.073303683979052e-13
1.0934689025478178e-13
1.4006945740152196e-13
1.1162289734520441e-13
1.1820699555918757e-13
6.209703551091769e-14
3.610093403246606e-13
1.7014922844924233e-13
2.4708436075260826e-13
1.574469292514651e-13
2.4038763061771185e-13
1.030089772631166e-14
1.3662308010143007e-13
1.4473202270751857e-13
