1.2850621680772664e-16
1.2742725999204432e-16
1.262618653929231e-16
1.2500585670971965e-16
1.2365565110436365e-16
1.222077530835918e-16
1.206598890391201e-16
1.1901019287350819e-16
1.172577812669427e-16
1.1540279223963515e-16
1.1344649174460794e-16
1.113909790360526e-16
1.0924146874944737e-16
1.0700204549768861e-16
1.0468017161991172e-16
1.022846509740598e-16
9.98262124239628e-17
9.731767037624528e-17
9.477410773248723e-17
9.221304321000875e-17
8.96545591324242e-17
8.712151402074762e-17
8.463957197729049e-17
8.223729463301542e-17
7.994607405510577e-17
7.779989532602011e-17
7.583479988962934e-17
7.408793587746843e-17
7.259610530731231e-17
7.139385408400793e-17
7.051126363541951e-17
