25.294787132864034
26.510737813538018
27.742444771010252
28.98083779665429
30.21536076335072
31.433947306461985
32.62302683615636
33.767562114943196
34.85111823667277
35.85596206946856
36.763190763610375
37.55288864346316
38.2043135158754
38.69611659244765
39.00660371014266
39.11405000594855
38.99708311970725
38.63515058624313
38.009083537154204
37.101759665156855
35.89885423232134
34.38965015143484
32.56786070824513
30.432405585593948
27.988076251331766
25.246031447520696
22.22407569270535
18.946688944061176
15.444790000251857
11.755227882568173
7.920006013036459
