0.03365793971090065	0.028110231844104574	0.03365793970646007	0.028110231854794564	0.026087683216185008	0.026092086599229222	0.02608768323652796	0.026092086578981932	0.02812269830810038	0.03354054766304548	0.028122698299592148	0.03354054766338612	0.00010099689109956194	1.205908859238297e-27	0.00010099688508413155	2.7004923218515346e-31
0.03683314956804464	0.030269994212476264	0.03683314957305847	0.030269994211509558	0.02794866613935167	0.02795439746206976	0.027948666151074025	0.027954397463077013	0.03028622149227782	0.036691103942365105	0.03028622147678678	0.03669110396526259	0.0001207548064992045	1.0732012409842528e-25	0.00012075479376973456	2.6105704745551766e-30
0.04032114139834094	0.03255966285605703	0.040321141404598373	0.032559662854088414	0.029905428436597086	0.029912898369617445	0.029905428434132162	0.0299128983643237	0.032580784737986215	0.04014905407709867	0.03258078473837674	0.04014905408043155	0.0001444344911394074	2.108300189957912e-24	0.00014443448924912063	2.0464971776912364e-29
0.04414882160686283	0.03497635777681097	0.04414882161951029	0.034976357775023614	0.03195488740929113	0.03196463559596212	0.03195488740936902	0.03196463558933113	0.035003836616558114	0.04394013402672179	0.03500383661828247	0.04394013402855512	0.00017277903931766083	8.014768735057549e-25	0.0001727790376463421	1.9817079497374328e-28
0.04834406302474848	0.03751455703667129	0.04834406303448918	0.03751455703560731	0.034092710084869735	0.034105445986280965	0.034092710088789335	0.0341054459806595	0.03755026976801065	0.0480908105876172	0.03755026975991346	0.04809081055001549	0.00020665152000784464	1.4778356387965864e-24	0.000206651518815791	4.9983321953228685e-34
0.05293536788725995	0.040165728263681706	0.05293536789941663	0.0401657282750789	0.03631336946563228	0.03633002619157866	0.03631336947659546	0.03633002618947359	0.040212070018757935	0.05262790607539076	0.04021207001091866	0.05262790607859276	0.00024704594167574394	2.778251989725e-25	0.0002470459392993928	7.564463574638011e-33
0.05795141625255333	0.04291799272363278	0.05795141627234079	0.04291799273131541	0.038610261305743354	0.03863206632159788	0.03861026129769493	0.038632066309310736	0.0429779994323803	0.057578106594770764	0.04297799942752287	0.05757810658466545	0.00029509589510928687	9.547331992240554e-26	0.00029509588675992715	4.504593735118877e-28
0.06342047715570921	0.04575584767984009	0.06342047716110708	0.04575584768991682	0.040975877743149036	0.04100444547023924	0.04097587774446822	0.041004445469016694	0.04583333801898327	0.06296733211886535	0.045833338019643226	0.06296733210685862	0.00035207949662701825	1.9881096700940165e-27	0.0003520794939495082	2.1539660910276604e-32
0.06936965652947653	0.048659977151305885	0.06936965652918436	0.04865997715992919	0.043402027450522324	0.043439479435364234	0.043402027465155195	0.043439479427046325	0.04875971264214974	0.06881994567575082	0.048759712637079435	0.06881994566908664	0.00041941869538016547	1.4141780315579014e-26	0.0004194186948236037	3.419157004913381e-34
0.07582395398982278	0.05160718530363595	0.07582395398888828	0.051607185315077575	0.045880083503064356	0.04592920309086207	0.04588008351775062	0.04592920307868448	0.05173504508143931	0.0751577761241961	0.05173504508611943	0.07515777605396527	0.0004986708104682038	3.0712566088430276e-25	0.0004986708092650665	4.248664166851863e-29
0.08280509820509438	0.054570489438479135	0.08280509820327842	0.05457048944890871	0.04840123386042094	0.04846566234973775	0.04840123386924544	0.048465662336072676	0.05473365350468547	0.08199892953091051	0.05473365349000824	0.08199892942052467	0.0005915098132132118	6.801630410986023e-26	0.0005915098097853964	5.308447301452629e-29
0.09033013283847412	0.05751941086687926	0.09033013284006372	0.057519410872148104	0.05095670332967531	0.051041184180839555	0.050956703341846765	0.0510411841816816	0.05772654165899012	0.08935636774722548	0.057726541645651004	0.08935636769271275	0.0006996947547827785	1.8283874852260655e-25	0.0006996948283032918	1.2095171804601425e-28
0.09840973174442763	0.06042050022984921	0.09840973175058387	0.06042050023697487	0.05353791370290524	0.05364858895934396	0.05353791370082585	0.05364858895752741	0.06068190871967229	0.09723623947761234	0.060681908717372515	0.09723623947506327	0.0008250229792815771	5.260103265137229e-27	0.0008250229803613044	3.196505922863084e-29
0.10704623699202517	0.06323812812915348	0.10704623699633839	0.06323812812962991	0.056136549287042675	0.05628130782305876	0.056136549283766386	0.05628130782130002	0.0635659057361882	0.10563596994030543	0.0635659057338713	0.10563596993476097	0.0009692651671560968	9.496484541299479e-28	0.0009692651610207633	3.2162590957181567e-32
0.11623144119909048	0.06593555971338456	0.11623144120440981	0.06593555971148747	0.05874450133692678	0.0589333703463593	0.05874450133231984	0.058933370341481134	0.06634365339160489	0.11454214042228313	0.0663436533916457	0.11454214042673974	0.001134081679039068	1.0983666422515564e-25	0.0011340816775261585	7.345561124883236e-32
0.1259441770304463	0.06847631278584651	0.12594417702931512	0.06847631278522147	0.06135367513608385	0.06159923394298743	0.061353675137977536	0.06159923393709174	0.06898051690666107	0.12392823717173032	0.06898051691693416	0.12392823707976958	0.0013209181666987873	1.6701664350388983e-27	0.0013209182689810656	1.6693458116695875e-32
0.1361478337319025	0.07082576952632781	0.13614783373256376	0.07082576952990337	0.06395565953018849	0.06427343791910892	0.0639556595329783	0.06427343790965315	0.0714436061147497	0.13375240485705964	0.0714436061134573	0.13375240486118478	0.0015308819812242026	1.6562621619694263e-27	0.0015308819791513657	4.910747875193562e-30
0.14678798743489818	0.07295297404255725	0.1467879874345612	0.07295297404016488	0.06654127852906154	0.06695008084770387	0.06654127852850053	0.06695008084531505	0.07370343248428995	0.14395540892555012	0.0737034324836655	0.14395540891821623	0.0017645994553034047	3.8841550451577617e-28	0.0017645994565412986	4.564290912823755e-31
0.1577903978013788	0.07483250272405617	0.15779039779970255	0.07483250272636048	0.06910006701093133	0.06962214027267764	0.06910006701126123	0.06962214027317942	0.0757356130511154	0.15445907356925798	0.07573561305011063	0.15445907357850863	0.0020220603308088985	6.908074826566364e-29	0.0020220603276712625	4.2358009339160727e-32
0.16905967107934494	0.07644624993675031	0.16905967107755426	0.07644624993912581	0.0716197343739711	0.07228067717450758	0.07161973437393511	0.07228067717492025	0.07752246913093849	0.16516550486163986	0.07752246913214234	0.16516550486182785	0.0023024521453762752	2.0407748346622187e-28	0.0023024521428024296	1.4533012137778872e-33
0.18047889767368616	0.07778493715281468	0.1804788976730804	0.07778493715463244	0.07408569647176894	0.07491399193717392	0.07408569646793378	0.07491399193677101	0.07905433802703844	0.17595740311994157	0.07905433802965017	0.17595740311684313	0.0026039942837638563	1.5081044165725174e-29	0.002603994283722966	5.265952150385066e-32
0.19191052444125628	0.07884914396721408	0.1919105244386525	0.07884914396694995	0.07648076273183115	0.07750682029550063	0.07648076272968682	0.0775068202950704	0.08033040980801831	0.1866997008452121	0.08033040981160867	0.18669970084301052	0.002923781958715798	2.4951509193353066e-30	0.002923781956269934	2.664676057822614e-33
0.20319861265478398	0.07964968413155521	0.2031986126589659	0.07964968412629814	0.07878505724238671	0.08003967337830162	0.07878505723214184	0.08003967337943167	0.08135893069786697	0.1972426239641701	0.08135893070142526	0.19724262396160683	0.003257654977615155	1.9642432544134127e-31	0.0032576549723003895	3.1719766143599656e-31
0.21417247723687538	0.08020721309689371	0.2141724772364295	0.08020721309482892	0.080976227668177	0.08248843208275661	0.08097622766387691	0.08248843208155278	0.08215668223797896	0.2074260820585527	0.08215668224467897	0.20742608205837548	0.0036001103942330244	9.32750135991226e-31	0.003600110388920495	1.693046479614157e-32
0.22465153452866582	0.08055104755615779	0.22465153452831857	0.08055104755680226	0.0830299573383574	0.08482430079569261	0.08302995733975707	0.08482430079479358	0.08274774312183149	0.21708508607627458	0.08274774312299478	0.21708508607531915	0.003944283190670126	1.6168144360226384e-32	0.00394428318897248	3.865460420709431e-33
0.23445104673644077	0.0807172820854007	0.23445104673674255	0.08071728208601557	0.08492074934695709	0.08701420810050944	0.08492074934772326	0.0870142080999024	0.08316164753925574	0.2260557211780778	0.083161647540739	0.22605572117948636	0.004282022568066209	1.3755533385471807e-32	0.0042820225639961405	2.359227287134652e-33
0.24338837538651237	0.08074637989169972	0.24338837538632452	0.08074637989193087	0.08662290948886744	0.08902171231849144	0.08662290948951912	0.08902171231816618	0.08343114436324142	0.23418111617447662	0.0834311443630303	0.23418111616746418	0.004604092264160036	1.0373063548855136e-32	0.00460409226398552	4.009303803674396e-33
0.25128935358399307	0.08068047105681793	0.25128935358380144	0.08068047105713913	0.08811162560383426	0.09080842639879394	0.08811162560460083	0.0908084263986729	0.08358981077642474	0.24131687506451568	0.08358981077594121	0.2413168750566399	0.004900516890684253	5.460491822510691e-33	0.00490051689049001	8.8289376088912e-34
0.2579944406258672	0.08056060423952428	0.257994440625743	0.08056060423947733	0.08936403353456393	0.09233591879250799	0.08936403353505051	0.09233591879254052	0.08366977141863073	0.24733556468151427	0.08366977141811947	0.24733556467733386	0.005161081523196749	1.2984726254578065e-32	0.005161081524055918	3.0215029529611037e-34
0.263364395177841	0.08042416984980495	0.26336439517766386	0.08042416984998702	0.09036017393802154	0.093567975303733	0.09036017393890815	0.09356797530383885	0.08369972200703432	0.2521300494210477	0.08369972200652027	0.2521300494136377	0.005375966310640782	1.593555858140809e-32	0.005375966310467555	2.3312780838172163e-32
0.2672852630262245	0.08030265992173749	0.2672852630260645	0.0803026599219469	0.09108377539519436	0.09447303021084522	0.09108377539638873	0.09447303021115236	0.083703373463444	0.2556156785914193	0.08370337346279591	0.2556156785814749	0.005536466049433702	3.159196511307105e-33	0.005536466049256753	2.9190848311353053e-33
