56.048512654530995
58.533492489128356
61.02344865869836
63.49708956505045
65.93040949854702
68.29679412001185
70.5672013976546
72.71041378851524
74.69335679248596
76.48146878934622
78.03911011100723
79.32999212569226
80.31761320284734
80.96568684849476
81.23855439185799
81.10158119118377
80.52154421052116
79.46702966423571
77.90887058601918
75.82066585265959
73.17943203534543
69.96644539791278
66.16832907378341
61.778424009559856
56.798444159273714
51.24035091259808
45.12829073551472
38.50033929253502
31.4097164942743
23.925118545057348
16.129881902246275
