3.389272755331513
3.6577850459687657
3.9451267481597307
4.251855279356846
4.578410571384821
4.925098203043537
5.292074487742208
5.6793335065842205
6.086696353192399
6.51380235598327
6.96010168743541
7.424848556212676
7.907093719834872
8.405675097683275
8.919204899721667
9.446051826685517
9.984316796011278
10.531800558060329
11.085961221491205
11.643859071199564
12.202085275106285
12.756670798361938
13.302973621699667
13.835548336459153
14.348014711408506
14.83296093429681
15.281938313802293
15.685616238479481
16.03415496784293
16.317811199040435
16.527725019593536
