2.3353544152832977e-13
6.635822232461082e-14
1.0661264941127316e-13
1.473584600557081e-13
1.0143852313722961e-13
1.1413032494169485e-13
5.527479850272496e-14
9.887391196750079e-14
8.550586982518233e-14
9.547079299723314e-14
8.726215986008485e-14
1.8438876193141077e-13
1.4718974582251254e-13
5.6729006520722903e-14
8.780355918730992e-14
8.4639638449422e-14
7.037516770502879e-14
3.498609918908249e-14
3.887341114204992e-14
1.0172488688656683e-14
6.056268366256583e-14
4.0281470476233457e-13
4.709653224536058e-14
7.125629599043829e-14
1.173746904942507e-13
8.023184391187845e-14
-4.325458987884099e-16
-4.903080740235654e-16
1.0966636497660155e-13
1.3026879584849438e-13
-5.49756045328122e-16
