-98.77486324618042
-105.183203375058
-112.02963929375501
-119.3435003873378
-127.15724223850758
-135.50730653571554
-144.43523101403287
-153.98906258084833
-164.2251485476805
-175.21040216008376
-187.02517349586233
-199.76690962659296
-213.55486342100278
-228.53622735855163
-244.89423953535078
-262.85907452085985
-282.7227420886809
-304.8598720117456
-329.75733637253467
-358.05747516241354
-390.6228658696983
-428.6363527526386
-473.7610271402366
-528.4067966781836
-596.1967951113497
-682.8333764820343
-797.8295989468188
-958.3173333501888
-1198.5652915519713
-1598.5294272094295
-2398.049479980593
