5.514015043112191e-35	0.00010086325447031282	5.184085690951185e-29	0.00010086325528604477	0.033547009558899776	0.028077492052607053	0.033547009545380924	0.02807749205262974	0.02610180148436429	0.026686021921071675	0.026101801467237933	0.026686021914649565	0.026739063169158656	0.026689513573251278	0.026739063152444304	0.02668951357158844	0.026689456463583415	0.026739250816460582	0.026689456454617413	0.02673925081897848	0.026686505660471104	0.026097900697531737	0.02668650567952944	0.02609790067722929	0.028065215026228354	0.033664343571954865	0.02806521501514914	0.0336643435746458
4.3201602779208554e-36	0.00012056333774506455	6.240744939733932e-27	0.00012056333947169033	0.03670163848589969	0.030226661231800844	0.036701638482222236	0.03022666124324904	0.027955177691717407	0.02869318634393565	0.027955177664772488	0.028693186351155437	0.02875074807325211	0.028684141534203247	0.02875074807038739	0.028684141537411764	0.028684054433844183	0.02875100382485192	0.02868405447943372	0.02875100385054073	0.028693860949908858	0.027950151745303443	0.028693860935777294	0.02795015169252343	0.03021069005113451	0.03684359622232822	0.030210690091742865	0.03684359623706523
8.471378569071793e-30	0.00014416204518055172	5.32420313693504e-26	0.00014416204775395862	0.04016588444785857	0.032502723549811194	0.040165884435319155	0.0325027235555786	0.029898783751199497	0.030829534123308584	0.029898783732307973	0.030829534138391824	0.030889372188527334	0.030800189015914862	0.030889372173388614	0.030800189032876256	0.030800056300844744	0.03088971963468181	0.030800056319179002	0.030889719562914725	0.030830475206829484	0.029892305146525886	0.03083047519983977	0.029892305037500302	0.03248194574616534	0.04033783860204005	0.03248194577901756	0.04033783868125921
1.914518453039549e-26	0.00017239452290605554	4.065630889902131e-25	0.00017239452792834617	0.04396656604530649	0.034902133228669426	0.0439665660577358	0.034902133241663996	0.03192716531332548	0.03309860373561945	0.031927165309794975	0.03309860373105141	0.033156758892509214	0.03303790163772017	0.033156758890562826	0.03303790153740787	0.03303769945154976	0.03315722872793831	0.03303769956454418	0.03315722868789046	0.033099917036148174	0.03191881169184593	0.03309991612097081	0.031918811733343405	0.0348751133363491	0.04417505172716529	0.034875113395959334	0.044175051755384075
3.488981215105291e-30	0.0002061140041293821	4.071927787553648e-26	0.00020611401128008407	0.04813169627941752	0.03741863579642423	0.0481316962966317	0.03741863580532854	0.0340328703848147	0.03550365260364317	0.03403287038610475	0.035503652611977216	0.03555371192678696	0.0353961590573396	0.035553711926328356	0.03539615905716339	0.03539585161239665	0.03555434418204099	0.0353958516419091	0.03555434411377241	0.035505485158663114	0.03402209903297619	0.0355054852530155	0.03402209908696284	0.03738352867673274	0.048384643062857474	0.037383528041622364	0.04838464291107591
1.9148899279763575e-34	0.00024630279347449184	2.078098281822169e-24	0.0002463028028330779	0.05269027355069409	0.040042924818628145	0.05269027356340852	0.04004292482994493	0.03620634997208992	0.038047763193212965	0.036206349972631204	0.03804776321104252	0.03807989350526273	0.03787232503978908	0.038079893485543324	0.037872325047291704	0.03787185818792323	0.03808073893082223	0.03787185808439604	0.03808073902364445	0.0380503197019494	0.03619246286374653	0.03805031970652016	0.036192462896464855	0.039997373343709224	0.05299726981540052	0.03999737341912616	0.05299727005911271
8.630552899004114e-31	0.0002940813943152463	1.394889951729288e-25	0.000294081394728487	0.05767199952681402	0.04276234428150094	0.05767199952377326	0.042762344282986614	0.03843591530692177	0.04073399363974168	0.03843591532364494	0.04073399365184964	0.04073370256415232	0.04046211798458769	0.040733702543766626	0.040462117981662916	0.04046141097371233	0.04073482434455671	0.04046141105166605	0.04073482434472362	0.04073755793505186	0.03841801686104366	0.040737558203206924	0.03841801693663864	0.04270335202525824	0.05804460228606672	0.04270335189191606	0.05804460141262606
1.3799519316190437e-33	0.0003507143679701729	3.1434569015396437e-27	0.0003507143684330587	0.06310690628750483	0.045560661502152384	0.06310690627290558	0.04556066151412586	0.0407077603577458	0.04356556898332019	0.04070776035491324	0.04356556899784599	0.04351214903278798	0.043159509647729175	0.04351214901670259	0.04315950958673823	0.043158442258304806	0.04351362378858731	0.0431584423447929	0.043513623666343926	0.04357053541821172	0.04068470479180622	0.043570535143194686	0.04068470618079171	0.04548444757401482	0.06355897730658273	0.04548444730124281	0.0635589769349257
1.1540957472498672e-29	0.0004176115772947963	6.150591135957559e-26	0.0004176115783437556	0.06902486977489018	0.04841793872939688	0.0690248697651491	0.04841793874050553	0.04300605606833293	0.046546102996979415	0.043006056077867005	0.04654610297939398	0.04641071828934977	0.045956660274812884	0.046410718294985914	0.04595666023774343	0.0459550549958934	0.046412635323819326	0.04595505521742114	0.046412635484756035	0.04655301469968781	0.042976382413628535	0.04655301464587131	0.04297638245697459	0.04831976851930245	0.06957294938629649	0.04831976858389808	0.06957294941356794
1.80503634937386e-32	0.000496322601738892	6.990016260418258e-26	0.0004963226032794628	0.07545497864869609	0.051310531583947536	0.07545497864542255	0.051310531594722826	0.04531311998845569	0.04967983361949381	0.045313119987289936	0.04967983362902023	0.04942321688959598	0.04884389803450779	0.049423216889331566	0.048843898039479375	0.04884149432872959	0.04942567616121348	0.04884149446982859	0.049425676081053325	0.04968943984214764	0.04527497027591163	0.049689439868380744	0.04527497023154099	0.0511845270034574	0.07611868238201663	0.05118452686198861	0.07611868236424643
4.189280674112987e-32	0.0005885222249205412	8.788350379181177e-27	0.0005885222272545552	0.08242471870525558	0.05421124312864807	0.08242471871167913	0.05421124314026876	0.04760966359005126	0.05297184708189492	0.047609663598921416	0.05297184707071452	0.05254159211451273	0.05180974965372799	0.05254159213548995	0.05180974961335446	0.051806169731113405	0.05254469672178172	0.05180616983563872	0.0525446967681632	0.05298517289417822	0.0475606891413454	0.052985172902899134	0.04756068893164164	0.054050176026547006	0.08322713989097656	0.05405017576702445	0.08322714031216587
3.405196246005613e-30	0.0006959844039103916	6.950952873797548e-26	0.000695984407110927	0.08995892237877669	0.057089660922162624	0.08995892238642453	0.05708966092612431	0.04987511841065646	0.056428254751808134	0.04987511841786812	0.05642825474109071	0.05575571614063513	0.05484103269323602	0.05575571614984662	0.054841032688475795	0.054835732460479854	0.05575955976771765	0.05483573247167155	0.05575955974658987	0.05644669610732414	0.04981236838939115	0.05644669610054471	0.049812368384522424	0.056884736546647593	0.09092702796275742	0.05688473649639105	0.09092702794641556
4.876440189392569e-36	0.0008205418719849148	1.5332067677376294e-27	0.0008205418730549286	0.09807842335976429	0.05991270146349163	0.09807842336653476	0.05991270146247457	0.052088043158922154	0.06005627580195673	0.05208804316209149	0.060056275807787975	0.059053130259601856	0.05792301277130414	0.05905313027347561	0.05792301275190384	0.057915219269431197	0.059057775627476286	0.057915219176947925	0.05905777555130956	0.06008171818298538	0.052007841324437414	0.06008171820780452	0.05200784143924962	0.059653345801530755	0.09924339919935257	0.05965334580265374	0.09924339907049735
8.013059994468204e-33	0.0009640283540196677	1.379760236993388e-26	0.000964028354698149	0.10679834974861047	0.0626453820525163	0.10679834975595116	0.06264538205564743	0.054226615617539	0.06386416325342277	0.05422661561820421	0.06386416325416962	0.06241875012540787	0.06103963205160691	0.062418750122133805	0.06103963204935771	0.061028260091994496	0.06242419649718808	0.06102826009740416	0.06242419648727774	0.06389912914077137	0.054124429570607036	0.06389912913296017	0.054124429580823835	0.06231904605146601	0.10819586498721082	0.06231904603787255	0.10819586497903015
7.453464434109867e-32	0.0011282005451063147	6.678231638553207e-28	0.0011282005441688027	0.116125991010755	0.06525183273709664	0.11612599101734145	0.065251832741662	0.056269214637838065	0.06786089533458153	0.056269214637662615	0.06786089533380531	0.06583454393580292	0.06417380754547172	0.06583454392959737	0.06417380754745099	0.06415735607404287	0.06584068094823449	0.06415735607429465	0.06584068093956652	0.06790872028645568	0.05613952645726414	0.06790872028612387	0.05613952645374326	0.06484384170709112	0.11779631963443737	0.06484384177134914	0.117796319609
2.4472503472993464e-34	0.0013146369436940844	2.5294201817595405e-27	0.0013146369430737143	0.1260581891350616	0.06769654939053121	0.12605818914117484	0.06769654939362069	0.058195096839061294	0.07205553812024611	0.05819509683531411	0.0720555381204123	0.06927921164524707	0.06730779091723456	0.06927921164404548	0.06730779092099683	0.06728421735304009	0.06928575787681326	0.06728421735693256	0.06928575789078327	0.07212057089555814	0.0580312926831036	0.07212057089938281	0.0580312926759271	0.06719002374194961	0.12804612425436324	0.06719002374542718	0.1280461242408504
5.707926587625964e-34	0.0015246116098663668	1.8484020392562922e-26	0.0015246116122350486	0.13657824331734303	0.06994587164484613	0.1365782433197782	0.06994587164896898	0.059985167385256916	0.07645617465616625	0.05998516738756803	0.07645617465674902	0.0727279159288746	0.0704235687963322	0.07272791593039671	0.07042356879954348	0.07039014502173176	0.07273434369112196	0.07039014502580586	0.07273434370202014	0.07654399060712269	0.059779465424727514	0.07654399060776801	0.059779465428481525	0.0693217581088058	0.13893272626583025	0.06932175810362845	0.1389327262640302
5.6393139013836245e-30	0.0017589420254101504	1.279983909428348e-27	0.0017589420289980508	0.1476523854871553	0.07196964418722006	0.14765238549171092	0.07196964419396187	0.06162283111991292	0.08106829852903438	0.06162283112381216	0.08106829852263112	0.07615214233888024	0.07350326550719097	0.0761521423349123	0.07350326551106352	0.07345642428203876	0.07615759280919424	0.07345642429201961	0.07615759281162332	0.08118590523639961	0.06136627465303418	0.08118590524042558	0.061366274634086	0.07120690073886804	0.15042576378485367	0.07120690075635125	0.15042576378502923
4.218207738843812e-32	0.0020178126559198544	3.485370110721179e-30	0.002017812655806312	0.15922598920425077	0.07374298590602008	0.15922598920777378	0.07374298590763949	0.0630948881362561	0.08589259718180173	0.06309488813586839	0.08589259718224376	0.07951979335998502	0.07652948990295139	0.07951979335747449	0.07652948990366797	0.0764646787318084	0.0795229920025775	0.07646467873297377	0.07952299200655799	0.08604859902998152	0.06277743345821149	0.08604859903337209	0.06277743347297754	0.07281896602167605	0.16247282004269492	0.07281896602462729	0.16247282002262392
6.13121472219013e-35	0.002300579394263349	1.441191652623172e-32	0.002300579395142087	0.17121981331393082	0.07524805009313133	0.1712198133176312	0.07524805009439707	0.06439240739901081	0.09092211566571282	0.06439240739845997	0.09092211566755579	0.08279563914891151	0.07948554929342858	0.08279563915018368	0.07948554929898087	0.07939711884895709	0.08279482707984835	0.07939711885311952	0.08279482708229506	0.09112679033709811	0.06400313605989716	0.09112679034043197	0.06400313606924798	0.07413913067392502	0.1749951416575893	0.07413913067466914	0.17499514164309746
1.706617280776991e-31	0.002605565465465764	1.3596353115699373e-31	0.0026055654656499338	0.18352673978588852	0.07647561559346427	0.18352673978844034	0.07647561559413728	0.06551147825697481	0.09613890523245212	0.06551147825591952	0.09613890523216848	0.08594224323247078	0.082355444334031	0.08594224323685735	0.08235544433842665	0.08223661046099733	0.08593514544683985	0.08223661046736552	0.08593514544998733	0.09640413268148824	0.0650389578632734	0.09640413268686794	0.06503895786416627	0.07515810248519293	0.18788381061008227	0.07515810249079019	0.18788381060795908
2.193637895811042e-33	0.002929865976211937	6.273624046600882e-33	0.002929865977854018	0.1960096066348634	0.07742631322590708	0.1960096066351295	0.0774263132267093	0.06645371242135448	0.10151042325648998	0.06645371242135639	0.10151042325929704	0.0889214383311624	0.08512357103904665	0.0889214383355584	0.08512357104654901	0.08496649895996167	0.08890529281963373	0.0849664989720472	0.08890529282446039	0.10184940002382271	0.06588652004236156	0.10184940002174873	0.06588652004489831	0.07587763736682418	0.2009970201509747	0.07587763735728409	0.20099702015079426
7.414607812886857e-34	0.0032691860508908947	8.366077632037382e-29	0.003269186053325666	0.20850081010115312	0.07811127891400574	0.2085008100999984	0.07811127891639352	0.06722636265026188	0.1069861409623317	0.06722636265203195	0.10698614096788561	0.09169633482674688	0.08777409963024341	0.09169633482715507	0.08777409963477606	0.08757016416696278	0.09166800453176192	0.08757016416919208	0.09166800453418793	0.1074128159553734	0.0665537690511422	0.10741281594784767	0.0665537690569841	0.07631146255963803	0.2141591986963676	0.07631146255560003	0.21415919870935005
2.5769253560609035e-32	0.0036177438915297776	5.1056941952842196e-30	0.0036177438951310132	0.2208042936973847	0.0785520494515479	0.2208042936989255	0.07855204945212986	0.06784195202589147	0.1124949878035911	0.06784195202682963	0.11249498780661808	0.09423370540348716	0.09029007874873886	0.09423370540553049	0.09029007875176748	0.09003034812823157	0.09418988627009287	0.09003034813365356	0.09418988627375102	0.11302317489933845	0.06705474493757486	0.11302317490399108	0.06705474494657927	0.07648537808470884	0.22716268324171413	0.07648537808573995	0.2271626832507787
7.658882328097818e-32	0.003968273294906634	3.564578766683631e-33	0.003968273297554616	0.23270031343897582	0.07877958886268902	0.23270031344076517	0.07877958886359457	0.06831737586072736	0.11794434848981401	0.06831737585614327	0.11794434848933376	0.09650643159199652	0.09265241731822643	0.09650643159152836	0.09265241731889667	0.09232838622567413	0.09644395447803454	0.09232838623084959	0.09644395448001562	0.11858651172664737	0.06740877826513947	0.11858651172976561	0.06740877827987951	0.07643637426948968	0.2397724196316607	0.07643637427124274	0.23977241963588952
1.8611635074776815e-31	0.004312156881509476	1.1109725167162792e-33	0.004312156884565237	0.2439529736079345	0.07883244902239293	0.24395297360927262	0.07883244902283394	0.06867253852797314	0.12322126194259755	0.0686725385256337	0.1232212619427675	0.09849557234791778	0.09483899627952022	0.0984955723466307	0.09483899627903435	0.09444355199631137	0.09841177574671992	0.09444355199500015	0.09841177575041052	0.12398703063645584	0.06763915451186604	0.1239870306437656	0.06763915452687559	0.07621072305872403	0.2517337603294882	0.07621072306409393	0.25173376036270556
1.8599301626559178e-32	0.004639710383864343	1.3695663864398436e-32	0.0046397103880556475	0.2543200423274598	0.07875420621048382	0.254320042327014	0.07875420620977502	0.06892869443753569	0.12819621544293816	0.06892869443598465	0.12819621544249213	0.10019158299924913	0.0968242192285883	0.10019158299940881	0.09682421922879894	0.09635276525774011	0.10008471260143206	0.09635276525612146	0.1000847126040347	0.1290907639016333	0.06777139267078375	0.12909076391041244	0.06777139268385235	0.07586115356920653	0.2627829174222431	0.07586115358830918	0.2627829174648598
1.137775808312695e-33	0.004940619736749953	9.603202185031226e-33	0.004940619742110529	0.263564116444053	0.07859043939856498	0.2635641164448201	0.07859043940058133	0.06910673894807431	0.13272951128537752	0.06910673894484157	0.13272951128391694	0.10159431556044426	0.09857928636130897	0.1015943155625116	0.09857928635874094	0.09803088067398258	0.10146389098233416	0.09803088067765534	0.10146389098069111	0.13375201560568267	0.06783136523102105	0.13375201562093142	0.06783136524282551	0.07544337201302047	0.2726591437400285	0.07544337204055641	0.2726591437466239
5.347452084852805e-34	0.0052045094823355105	3.5195134795278313e-34	0.005204509480971226	0.2714639591515503	0.07838558713544563	0.2714639591516238	0.0783855871369722	0.06922570898197486	0.13667970743770916	0.06922570898084371	0.13667970743911803	0.10271166241553172	0.1000733567015476	0.10271166241541824	0.10007335669860545	0.09945166484486417	0.10255874622884384	0.09945166484905595	0.10255874623725995	0.1378221482000707	0.06784350985864798	0.1378221482178175	0.06784350985135564	0.07501228835503689	0.2811174174775379	0.07501228838197568	0.28111741749693636
6.265072668366734e-35	0.005421597958552606	3.4754193925472386e-34	0.0054215979574446845	0.2778248711287362	0.07818001427444159	0.2778248711280741	0.07818001427492109	0.06930169151257565	0.1399132354329618	0.06930169151043253	0.13991323543573528	0.10355700361688733	0.1012755695447286	0.10355700361543899	0.10127556954338889	0.10058940969062821	0.10338431597008939	0.10058940969697622	0.10338431598232276	0.14115982539755262	0.06782933808047838	0.14115982541275618	0.06782933807283778	0.07461833631658042	0.28794038924906107	0.07461833634077635	0.28794038925146126
1.8050641790950006e-33	0.005583376780008792	8.792588878949266e-35	0.005583376778406365	0.2824872594211015	0.07800754108976067	0.2824872594204174	0.07800754109045992	0.06934721900581309	0.14231409155418404	0.06934721900316745	0.14231409155608285	0.10414589078209276	0.1021576793437701	0.10414589078044473	0.10215767934446761	0.10142096750375847	0.10395773335429591	0.10142096750552092	0.10395773336453266	0.14364155131765627	0.06780635187805699	0.14364155134130227	0.06780635188052202	0.07430421723865802	0.2929486080850698	0.0743042172644761	0.29294860809888756
