3.7401738592818605e-13
2.850185423260056e-13
2.762823337635557e-13
2.7641582591026704e-13
1.726674701499541e-13
2.0838781497815386e-13
1.8894845888659512e-13
2.8890492746599987e-13
1.8625365229169066e-13
1.8702961250321312e-13
2.6289043951601233e-13
1.9064064944423432e-13
2.387951548484431e-13
1.9899007129113305e-13
2.2296664026326442e-13
1.481631606541695e-13
2.2047963776704255e-13
1.0354172656586743e-13
5.154485022830133e-14
3.404890601443512e-14
7.508879163507971e-14
1.0279654107991926e-13
3.767601138389705e-14
2.994858750996268e-13
2.962700695144841e-13
8.599311327130563e-14
2.658122992691358e-13
4.236015593087599e-14
-5.901826947956259e-16
8.154443703835547e-14
-6.270335472438162e-16
