-92.25816901421513
-99.43663385102981
-107.28067957619578
-115.85849074481092
-125.24614219326759
-135.52883961568705
-146.80245987717933
-159.17548173642308
-172.7714273694585
-187.73197584887367
-204.22096706241746
-222.42959592450316
-242.58321490257126
-264.9503370885207
-289.8546939544061
-317.69160320443063
-348.9505304975108
-384.2467356168605
-424.3665495850744
-470.3336335494155
-523.5084793313596
-585.7423378029314
-659.6237197613024
-748.8895265561479
-859.1449234983445
-999.2007546883433
-1183.7489935330154
-1439.249446309727
-1818.6472438123842
-2445.5258856983423
-3690.7193274672354
