2.2002463992976118e-6
1.6849999155965634e-6
1.8416458260617219e-6
2.1125115381437354e-6
1.7306215340795461e-6
1.5730274753877893e-6
1.3248318282421678e-6
1.4358975022332743e-6
1.2370810509310104e-6
1.2672899174503982e-6
1.3064527593087405e-6
1.2564978533191606e-6
1.1897845979547128e-6
1.2778145901393145e-6
1.1539486877154559e-6
1.1108240869361907e-6
1.1223964975215495e-6
9.156792657449841e-7
9.07821231521666e-7
1.0085641406476498e-6
1.1351949069648981e-6
1.3257958926260471e-6
1.2463278835639358e-6
1.5553086996078491e-6
1.7903803382068872e-6
2.075859811156988e-6
2.793793100863695e-6
4.120403900742531e-6
5.235197022557259e-6
9.187497198581696e-6
2.024322748184204e-5
