1.358613082635094e-16
1.341019775675388e-16
1.322092380740423e-16
1.3017830355829685e-16
1.2800545159491936e-16
1.2568810610837706e-16
1.2322349314040063e-16
1.206179787525742e-16
1.1786605259944265e-16
1.149766137496923e-16
1.1195510042305922e-16
1.0881009369113516e-16
1.0555304868599198e-16
1.0219796417983041e-16
9.875778726555285e-17
9.525393605153952e-17
9.170553509457391e-17
8.813629878464124e-17
8.457086476773121e-17
8.103674289391087e-17
7.756255375955162e-17
7.417982335463602e-17
7.092016829427625e-17
6.781752678567595e-17
6.490599345221073e-17
6.222082918798292e-17
5.979742629030716e-17
5.767088395741976e-17
5.587498429722122e-17
5.444085909995937e-17
5.339534717843886e-17
