4.029991558964226
4.346463059140032
4.684718500062963
5.045337483204585
5.428754764425392
5.835241076642651
6.2648863517378715
6.717585491664378
7.193026695424044
7.690682137314184
8.209799705891596
8.74939465609802
9.308238855719663
9.884845248592452
10.477444592375566
11.083951497591851
11.701917249931661
12.328467937015986
12.960228574315357
13.593237235929433
14.222857726619148
14.84370455010166
15.44959874539503
16.03357579891032
16.5879654986566
17.10455694743399
17.57485044715717
17.99038380576046
18.34310759028841
18.625775486655904
18.832314117619703
