5.311427324212649
5.723815427315778
6.1638949996498935
6.632288906394882
7.1294197537317
7.655485905269605
8.210440587103394
8.793974912164177
9.405504623370966
10.04416030818825
10.708779929627692
11.397902238537688
12.10975881678943
12.84226227000393
13.592987691656969
14.359144490700771
15.137536118563503
15.924506030297053
16.715869824288063
17.50683582886929
18.291919504657365
19.06486064095884
19.81855606441635
20.545023839882816
21.235417416261114
21.880109598407607
22.46886661975747
22.991131039608206
23.43642617240928
23.79488016948746
24.057841700308767
