40.67127306397819
42.52175115938686
44.38267591679692
46.23892616300578
48.07331099954056
49.866619305815796
51.59772625548659
53.24375162422699
54.78026717873161
56.18154532035567
57.42083892134209
58.470682380174914
59.30320289876152
59.8904350709934
60.204633073121286
60.218580395120185
59.90590077606761
59.24137813908938
58.201296412828775
56.76381297209783
54.909383737978345
52.62126704324302
49.88615108137379
46.69497563554965
43.044044134225494
38.93652245252912
34.38436120605513
29.41053044714902
24.051232451764413
18.3575375989205
12.395793764695162
