2.10789892773867
2.280493575358111
2.465995090756466
2.664904624979706
2.877653406033402
3.1045873882925394
3.345951470375011
3.6018732922606116
3.872346470741418
4.157212993561574
4.4561443349830725
4.768620780122308
5.093908468783387
5.43103390771195
5.778756105206321
6.1355372558350645
6.499513853284543
6.86847121533211
7.239825435648421
7.61061736721166
7.977523162738078
8.336884885196323
8.684762855532028
9.017009062398206
9.329358750443916
9.6175357895317
9.87736697453571
10.104900770165957
10.296526666834577
10.449091451171707
10.560008017381946
