5.937187779636588e-6
4.705978426500224e-6
4.963449100614525e-6
5.221745595918037e-6
5.026673534302972e-6
4.679170160670765e-6
3.7074933061376214e-6
3.7677855289075524e-6
3.800851118285209e-6
3.829318302450702e-6
4.060580977238715e-6
3.823239239864051e-6
3.526947693899274e-6
3.86762258131057e-6
3.7222853279672563e-6
3.4996046451851726e-6
3.4963159123435616e-6
3.2439129427075386e-6
3.407039912417531e-6
3.7203135434538126e-6
4.049477865919471e-6
4.4182525016367435e-6
4.810222890228033e-6
5.718844477087259e-6
6.863032467663288e-6
8.50181095302105e-6
1.1337222531437874e-5
1.6313744708895683e-5
2.365652471780777e-5
4.160590469837189e-5
9.269639849662781e-5
