1.2850622525097985e-16
1.2742140627259384e-16
1.2626184364240114e-16
1.2500581234142025e-16
1.2365547941981267e-16
1.222075833754308e-16
1.206595654763203e-16
1.1900959243970954e-16
1.1725673084888228e-16
1.1540103743410218e-16
1.1344363586792398e-16
1.1138693434693404e-16
1.0923461648640801e-16
1.0699188004673249e-16
1.0466553519546367e-16
1.0226417668846632e-16
9.979843321307034e-17
9.728118478295936e-17
9.472784659314003e-17
9.215662899006351e-17
8.958877286203099e-17
8.704870535654944e-17
8.456401823005648e-17
8.216530257854075e-17
7.988564228019438e-17
7.775992324483387e-17
7.582381486555738e-17
7.411252871669816e-17
7.265943303147864e-17
7.149455766479457e-17
7.064314864867583e-17
