1.3235573637629299e-12
5.84975157574893e-13
8.47894119185163e-13
9.78850648549041e-13
7.965849837277522e-13
6.336512772411708e-13
5.905590689495621e-13
7.079004592846792e-13
8.035295369597163e-13
7.185323634943424e-13
7.944094764966057e-13
6.932448904805757e-13
5.647288621203871e-13
6.209124344084719e-13
5.699417306342252e-13
3.015526347053085e-13
3.193787680437428e-13
4.1099106543796833e-13
2.02056236177277e-13
1.969432122620944e-13
1.6285419029007713e-13
1.6822528311557673e-13
1.6260909420900692e-13
1.7800373129372065e-13
1.593260598911693e-13
3.317896190955415e-13
2.2369405689782166e-13
3.064546040152726e-13
2.446781266216831e-13
1.0586299868598588e-13
-1.9752378781859924e-15
