32.98269854897874
34.51599054318134
36.06251855581052
37.61028181452554
39.1455497321697
40.65289156704158
42.11525197258847
43.51406993874439
44.8294365153032
46.04028279035499
47.12458679698244
48.059585846739516
48.8219811048742
49.38812181080226
49.7341628460002
49.83619685626373
49.6703758428327
49.21305445559097
48.441007844461254
47.331796552597254
45.86436166602409
44.019925870067524
41.78324015201974
39.144148722182415
36.09935568734192
32.65418969910209
28.824108854069816
24.63569208539133
20.126929250110468
15.34672902847207
10.353676109263427
