48.3598987075707
50.52763306250292
52.70308312570822
54.86804512984981
57.00192502646662
59.08181590100691
61.082641929444335
62.977363984353595
64.73724025881637
66.3321334343348
67.73084757360569
68.90148291677183
69.81179141789735
70.42952239622116
70.72275099853508
70.66019079714802
70.2115034995899
69.34763214571504
68.04120001515565
66.2670315251559
64.00285976978614
61.230281269169346
57.93599529523132
54.113318321322396
49.763896495969846
44.899461987014234
39.543413506103576
33.73196963580089
27.514661385432625
20.953997422487912
14.12423558821478
