-155.99529690582764
-165.97598819402816
-176.62449832289434
-187.98463260256452
-200.10504960800898
-213.04063440696999
-226.8542556018216
-241.61899653840482
-257.4209689802798
-274.3628585074107
-292.568401482284
-312.1880760533517
-333.4064060287755
-356.4514557625943
-381.607360873347
-409.23114933277645
-439.7757472090201
-473.82208203743613
-512.1248661626574
-555.679458215217
-605.822117102367
-664.3848879469342
-733.9433050029049
-818.2289820157932
-922.8511757471599
-1056.6360423842207
-1234.3039434275033
-1482.357817009029
-1853.8018830710248
-2472.295125889036
-3708.762708742473
