7.689067569030867e-13
4.000034810096728e-13
3.211396901784841e-13
4.455584159404321e-13
3.646138751322826e-13
2.7152148948812955e-13
2.790719867294275e-13
2.804605770511159e-13
2.934221725575735e-13
3.6743012953440434e-13
4.0012264531030167e-13
3.498800209019283e-13
2.8096572789123784e-13
2.4023646934038646e-13
2.641130860176496e-13
1.7500757034524506e-13
1.5425983906510483e-13
2.328365688946897e-13
1.1751329627428296e-13
1.927317724931989e-13
1.3086431850551941e-13
1.0671505671670356e-13
2.0506089239007047e-13
2.468803742419421e-14
4.6851825678598046e-14
2.1983433140929062e-13
1.1310141368626697e-13
3.199407035454131e-13
-1.0394706680758418e-15
-8.658727006810211e-16
-9.915939284495555e-16
