-69.48845036607781
-74.91984736004935
-80.85820472991163
-87.35588490985356
-94.47134476152905
-102.27008958386205
-110.82585581644344
-120.2220915529803
-130.5538267206707
-141.9300558695645
-154.47680022215334
-168.3410776532128
-183.69609928017215
-200.74814408666742
-219.74576257087728
-240.99226637061489
-264.8629402052766
-291.8291810714737
-322.49303450508864
-357.63774061813234
-398.3036546126468
-445.9057287948221
-502.4217029044039
-570.7060613749331
-655.0398643217176
-762.1523623187821
-903.2647888760799
-1098.5872590603249
-1388.5614361947494
-1867.5885912260346
-2818.9410595578165
