1.3586228675047795e-16
1.3410323653911398e-16
1.3221080279066814e-16
1.30180235944189e-16
1.2800756558436245e-16
1.2569024449340438e-16
1.2322686413776522e-16
1.2061757600529788e-16
1.1786415377877392e-16
1.1497013523637904e-16
1.1194088890143e-16
1.0878357153911888e-16
1.0550733575842861e-16
1.021231407291839e-16
9.864390595124321e-17
9.508457854973157e-17
9.146200361629181e-17
8.779171463813335e-17
8.410779976707201e-17
8.042339003717945e-17
7.677113578155897e-17
7.318406114333037e-17
6.969736718028204e-17
6.635458150721642e-17
6.319675074998099e-17
6.026986574495248e-17
5.761996516725319e-17
5.5291284550588294e-17
5.332472775505068e-17
5.175585870492065e-17
5.061372636864885e-17
