4.670709387877584
5.035139138849756
5.424306547439842
5.838812833567859
6.279086618909218
6.745362382223381
7.237661681810737
7.755777470774951
8.299261865831786
8.867416671228549
9.45928607406146
10.073649793738698
10.70901509371297
11.363605171718577
12.035341391386352
12.721816657440595
13.420257368420184
14.127471940308558
14.83978487352748
15.55295709798146
16.262096007854563
16.96156252070613
17.644887753008888
18.304718225054767
18.932814719757896
19.52013368098976
20.0570181046732
20.533514289352
20.93981099618285
21.266772040050984
21.50650920299503
