-35.334110831948045
-38.14496020845945
-41.22483447051172
-44.60234607205464
-48.309494249521094
-52.38218105428996
-56.8608457548469
-61.791253234817624
-67.2254839304084
-73.22318935173928
-79.85320038635956
-87.19560870450596
-95.34448973535821
-104.41150685235735
-114.53074359332658
-125.86527511273978
-138.61624737442025
-153.03564456794928
-169.44460181764265
-188.2602643177356
-210.03619413472006
-235.52495958155237
-265.7784424001464
-302.31519520589404
-347.41349851763425
-404.65577664846273
-480.0175595979018
-584.2632616359772
-738.9355765183468
-994.3234147298427
-1501.3330093869452
