0.033664339279575115	0.028065213570887506	0.03366433928137914	0.028065213568520625	0.026097952037809936	0.02668642971793868	0.02609795204831221	0.02668642972247942	0.026738609159982555	0.026691786383319975	0.026738609166100602	0.02669178637460662	0.026694611084577536	0.026694621443918144	0.026694611106022795	0.026694621453152902	0.02669184877510475	0.026738416307646968	0.02669184879364199	0.026738416336685444	0.026685946265250848	0.026101853121613373	0.026685946299937625	0.026101853098773855	0.028077490524480362	0.03354700520669859	0.02807749051987267	0.03354700521094518	0.00010086323986968168	5.011540989841531e-28	0.0001008632389851537	7.986202344803884e-32
0.036843588944269985	0.030210684664036206	0.0368435889206942	0.03021068464668344	0.027950236043786648	0.028693773557012445	0.027950236035928288	0.028693773489164007	0.028749973555494086	0.02868717062051319	0.02874997360355444	0.0286871705880087	0.02869234594345684	0.028692360862033608	0.028692345999756	0.028692360881982654	0.02868726433521207	0.028749709612457295	0.02868726420365711	0.02874970963383193	0.028693099555643538	0.02795526253518704	0.02869309971683962	0.02795526253534186	0.030226655745707046	0.0367016311517798	0.030226655730328678	0.03670163109500787	0.0001205633044959494	1.2204954488025714e-23	0.00012056332540768674	2.2021321817765828e-29
0.040337826708911666	0.03248193165093038	0.04033782670536957	0.03248193165248674	0.029892441546223378	0.030830390769939084	0.029892441555213232	0.030830390776974168	0.030888085071559275	0.030804148112729093	0.030888085072878914	0.03080414812371251	0.03081311147710603	0.030813132622055654	0.030813111469839165	0.030813132648152837	0.03080428844984543	0.030887724603669984	0.030804288502103764	0.03088772451298631	0.030829450786819958	0.029898921064736204	0.03082945080658869	0.029898921119292658	0.03250270907043527	0.040165872448406886	0.03250270907083666	0.04016587232013453	0.00014416196868583794	7.256421694813307e-28	0.0001441619682576592	3.8123364764604445e-29
0.04417503278497288	0.03487508093300406	0.04417503278983958	0.034875080930875574	0.03191902917039404	0.03309987062677926	0.031919029165916386	0.03309987060940301	0.03315466685253007	0.03304294870649683	0.033154666849215725	0.03304294874383054	0.033057884540702874	0.033057914276036014	0.033057884509375954	0.0330579142086616	0.03304315890016639	0.03315417618860425	0.03304315903851842	0.03315417614471158	0.03309855996376509	0.03192738399401915	0.0330985599969349	0.03192738399840136	0.03490210029525549	0.043966547062264466	0.034902100485344284	0.04396654706746163	0.0001723943530958864	3.865314590366737e-25	0.0001723943521953122	3.354651221034774e-29
0.04838461358101265	0.03738346073514444	0.04838461359885064	0.03738346073515901	0.034022438572156054	0.03550555049046849	0.034022438577752424	0.0355055504850644	0.035550378607132546	0.03540238425114504	0.03555037859419794	0.03540238424220968	0.03542656037898479	0.035426601700544805	0.03542656043457523	0.03542660169963827	0.035402697828031626	0.035549713429192234	0.03540269784191241	0.03554971340235111	0.035503723027673725	0.03403321219523199	0.0355037231245585	0.03403321212021189	0.03741856668324501	0.04813166821439831	0.03741856620282514	0.048131668164647284	0.00020611361191556893	3.050345868315997e-26	0.00020611360545261245	1.0849920115547909e-28
0.05299722941231773	0.03999723704231086	0.052997229471773266	0.039997237050043814	0.03619298222786812	0.03805063882666636	0.03619298223094338	0.03805063881205497	0.03807468004817663	0.0378796588783251	0.03807468005203198	0.03787965891706978	0.0379178907426333	0.037917946924648616	0.0379178907390216	0.03791794695846339	0.037880125485509605	0.03807378305738276	0.037880125411748476	0.038073782992159536	0.03804809202608207	0.03620687288813724	0.038048092092071	0.0362068729608748	0.04004278696995493	0.052690232870805445	0.040042786985108804	0.052690232724104384	0.000246301981719242	1.3082365629147565e-25	0.0002463019843775567	2.537330866439859e-30
0.058044551359765946	0.04270309136108776	0.05804455136112669	0.04270309136013017	0.03841879277830807	0.040738390379460955	0.03841879276988628	0.04073839037731554	0.04072569254743894	0.04047018031338574	0.04072569252897428	0.04047018033303889	0.0405294588025423	0.040529533458153695	0.040529458416366515	0.04052953348693098	0.04047087183543863	0.0407244903554971	0.04047087192850644	0.04072449045315042	0.04073484362036093	0.03843669676678993	0.04073484356761442	0.038436696736951825	0.042762080900209665	0.05767194832407664	0.04276208089607404	0.05767194845661527	0.0002940797162998713	3.2453188138535654e-25	0.0002940797280767869	7.68127966002815e-28
0.06355892763069447	0.04548396611064775	0.06355892763166578	0.04548396611296128	0.04068583165415984	0.04357233342147932	0.04068583164203615	0.04357233342508271	0.04350005582690391	0.043167372147253975	0.04350005582170425	0.043167372147362	0.04325769804118812	0.04325779453682096	0.043257698038659836	0.043257794483828285	0.04316839234354645	0.04349845703368694	0.04316839243026206	0.04349845709045398	0.043567399333869036	0.040708895250954	0.04356739940339707	0.04070889517894045	0.04556017490564288	0.06310685614637127	0.04556017500384205	0.06310685590762086	0.0003507110716549936	3.6950902277022642e-25	0.0003507110707787696	4.62871600501119e-32
0.06957293665546566	0.04831890538135274	0.06957293665024866	0.04831890539175993	0.042977963682906725	0.04655654324029698	0.042977963681634215	0.046556543248157375	0.046392776578919166	0.045962488323657034	0.04639277657319618	0.04596248833610468	0.04609796163683169	0.04609808058596819	0.0460979616457768	0.046098080617759316	0.04596398549204506	0.0463906694572987	0.04596398546238771	0.04639066944845672	0.04654968882515653	0.043007649567778417	0.04654968879861046	0.04300764954175832	0.04841706714446123	0.06902485589201354	0.048417067078992626	0.06902485557681433	0.0004176052743249883	1.0940120083286586e-23	0.00041760530851715674	6.178772777372577e-33
0.07611879243344974	0.05118302096735543	0.07611879244993591	0.051183020974226265	0.04527709881916201	0.049695949561535585	0.045277098808876766	0.04969594955859239	0.049397064154393135	0.04884442960886488	0.049397064147677375	0.04884442961879452	0.04904463938504345	0.04904477630408022	0.04904463945043117	0.049044776327790245	0.04884661340167254	0.049394317066871266	0.048846613404365045	0.04939431708259729	0.04968644461816203	0.04531526506476081	0.049686444903994695	0.045315264908692525	0.05130900953397273	0.07545508770080511	0.05130900950264048	0.07545508758346667	0.0004963108831026308	1.9453854062475426e-27	0.000496310884078005	3.3562354696939317e-31
0.0832275613677974	0.05404761378535777	0.08322756138252223	0.05404761379383623	0.04756340042411133	0.052996658308888195	0.047563400426869636	0.05299665830870885	0.05250415126365399	0.05179956342982673	0.052504151262000115	0.051799563424380156	0.05209132609831313	0.05209146546258227	0.05209132601733022	0.05209146547726222	0.051802727112256794	0.05250061648259238	0.051802727063194116	0.05250061641742708	0.052983508096626254	0.047612395915477494	0.05298350839323864	0.04761239573413879	0.05420865421634147	0.08242513829334631	0.05420865359779826	0.08242513864759682	0.0005885010633413023	2.703560806138675e-27	0.0005885010510780094	2.1442457619726016e-32
0.0909281377337394	0.05688048116201697	0.0909281377471453	0.056880481162325754	0.04981555869580019	0.05646625781857492	0.04981555870206031	0.056466257815313184	0.055703099260287686	0.05481155127996329	0.05570309925777619	0.054811551282878006	0.05523102994184257	0.05523113664675302	0.055231029919053376	0.05523113664546552	0.05481609957502241	0.0556986212297555	0.05481609958824418	0.055698621143323794	0.05644811723817366	0.049878331295455956	0.0564481172390645	0.049878331217139964	0.057085360457473346	0.08996003195763635	0.057085360477939544	0.08996003204338003	0.0006959472377299008	1.9466329278456533e-25	0.0006959472049064086	2.4056073962001867e-33
0.09924591587690092	0.05964643855270929	0.09924591587694034	0.05964643855332838	0.052011128434678464	0.060114066177792566	0.05201112843636439	0.06011406617597245	0.05898059234663123	0.05786119269181732	0.05898059234682605	0.05786119269228099	0.05845641283040703	0.058456416549631525	0.05845641286621901	0.058456416550468605	0.057867676161146554	0.05897502586735412	0.05786767616097989	0.058975025851105284	0.06008913058415945	0.052091345742599354	0.06008913055548089	0.05209134566721195	0.05990572187147735	0.09808094379066046	0.0599057218715581	0.09808094389256389	0.0008204784264014511	8.956272689654172e-25	0.0008204784236719789	1.45151660558402e-29
0.10820109012890518	0.06230808195796235	0.10820109012781896	0.062308081957700524	0.0541269343884512	0.06395125956896291	0.05412693438804043	0.06395125956887132	0.062320732901726836	0.060926302461605776	0.06232073290020655	0.06092630245626629	0.06176003668177429	0.061759809611238906	0.06176003668636766	0.06175980960846899	0.06093545791282611	0.06231397287028917	0.06093545792547061	0.06231397282309795	0.0639171346994514	0.0542291087133384	0.06391713470424222	0.05422910871581865	0.0626343051078062	0.10680358949126903	0.0626343051292938	0.10680358925484063	0.0009639232223614602	1.6093697561737523e-25	0.0009639232205802251	5.120959443381461e-33
0.11780651402446732	0.06482681197304523	0.11780651402509688	0.06482681197091701	0.05613955208660372	0.06799079917727506	0.056139552078142994	0.06799079917519008	0.06570485893542831	0.06398165027942603	0.06570485893465373	0.06398165027489983	0.0651345887118906	0.0651339115914255	0.06513458870869418	0.0651339115942052	0.06399444597887931	0.06569688598000767	0.0639944459839955	0.06569688598725851	0.06794434830436685	0.056269158548606826	0.06794434829344105	0.05626915858864317	0.0652346336412254	0.11613622477573059	0.06523463363012329	0.11613622474560788	0.0011280315556933468	1.6581918366137039e-25	0.0011280315469012852	7.391547393938716e-33
0.12806506145262697	0.06716413139729616	0.12806506145580188	0.06716413139903447	0.058025877229205866	0.072247048040784	0.05802587722567317	0.07224704803898893	0.06911141659366442	0.0669990063036152	0.06911141659769297	0.06699900630161118	0.0685730385430471	0.06857155262706217	0.0685730385640913	0.06857155264160941	0.06701668846766246	0.06910236329927134	0.06701668847375028	0.06910236329297759	0.07218422396673534	0.05818944708164602	0.07218422397203804	0.058189447073809	0.06767041354834993	0.12607721983273132	0.06767041356369133	0.1260772198276254	0.0013143736822484838	3.662483342313069e-26	0.001314373678776207	2.943238466434465e-32
0.13896646336684534	0.06928321382706089	0.13896646336969043	0.06928321382846699	0.05976380115130103	0.07673494253718291	0.05976380115047076	0.07673494253770011	0.07251593315994777	0.06994735468197467	0.07251593316244838	0.06994735467881288	0.07206866723894849	0.0720658092727323	0.07206866725493144	0.07206580925788499	0.06997149011008585	0.07250617243820939	0.06997149012740456	0.07250617243021437	0.07665061679430055	0.05996896582031312	0.07665061680361455	0.05996896580780289	0.06990699447505833	0.13661218475236142	0.06990699444582402	0.13661218473744507	0.0015242146586308663	8.134133292217475e-27	0.0015242146502668522	1.1876823146049064e-31
0.15048364723615432	0.0711507172462609	0.15048364723484017	0.07115071724919181	0.06133300857236933	0.0814685608535603	0.061333008573551076	0.08146856085397591	0.07589114594636633	0.07279335394418877	0.07589114594491085	0.07279335394156855	0.07561489064312174	0.07560980964744449	0.07561489064311715	0.07560980964234446	0.07282586062492927	0.07588140161016713	0.07282586064252303	0.07588140158165181	0.08135637152229538	0.06158846533628562	0.08135637153078014	0.06158846534656065	0.07191303341634622	0.1477106886039008	0.07191303341902439	0.14771068861082823	0.001758363503879453	5.915176820090192e-29	0.0017583634952573126	4.5916815002607775e-33
0.16256869048948303	0.07273878357310444	0.1625686904927357	0.07273878357511282	0.06271590647008084	0.08645892635416212	0.06271590646703658	0.08645892635521239	0.07920734649313715	0.07550213513519433	0.07920734649219795	0.07550213513401144	0.07920478605581652	0.0791962442597999	0.07920478605816493	0.07919624426305105	0.07554529006548755	0.07919881975908598	0.07554529007586228	0.07919881976601395	0.08631117609849237	0.06303127313088762	0.08631117611187678	0.06303127312459547	0.07366229993505566	0.15932267856804608	0.07366229995621326	0.15932267856049293	0.0020169990328681347	1.2601334532356104e-29	0.0020169990289828025	1.0344843365546339e-32
0.17514861373488433	0.07402712059229166	0.1751486137374114	0.07402712059596929	0.06389867440286924	0.09171091284260878	0.06389867439736355	0.09171091284114348	0.08243299171037828	0.07803852489817034	0.08243299171096484	0.07803852490027435	0.08283022746243117	0.08281649373304951	0.08283022747877035	0.0828164937410055	0.07809493654514223	0.08242749057945827	0.07809493655322827	0.0824274905734481	0.09151855876575629	0.06428420378873663	0.09151855877455595	0.06428420379110976	0.0751355194179165	0.1713748115908672	0.07513551941320719	0.17137481158078371	0.0022994771149170336	2.202679932639888e-28	0.0022994771084822656	1.1261648817949357e-33
0.18812137860292896	0.07500501058135361	0.18812137860313735	0.07500501058461523	0.06487239682576719	0.09721920328485859	0.06487239682303196	0.09721920328672858	0.08553560790552842	0.08036875134629672	0.08553560790540339	0.08036875135003099	0.08648055302375104	0.0864593053343846	0.08648055303136978	0.08645930533294569	0.08044128442535867	0.08553565575499074	0.08044128442526848	0.08553565575401839	0.096971987740612	0.06533853274311448	0.09697198773999072	0.06533853274537804	0.07632210783828133	0.18376703161289576	0.07632210783541177	0.18376703160883864	0.0026041295916185985	2.399055715363188e-28	0.0026041295891962545	6.684654038621849e-34
0.20135260408885527	0.07567303665954056	0.20135260408957117	0.07567303666299624	0.06563419625465232	0.10296341412698745	0.06563419625246532	0.10296341412970314	0.08848296834332998	0.08246262364344457	0.08848296834280853	0.08246262364335903	0.09014074116288015	0.09010900522653664	0.0901407411596027	0.0901090052249369	0.08255426679379524	0.08849185895998467	0.08255426679061917	0.08849185896189192	0.1026501867414999	0.0661909712333532	0.10265018674441827	0.0661909712380741	0.07722160747811824	0.19636985048683023	0.0772216074797252	0.19636985049019565	0.0029280709708058663	9.256771103752082e-31	0.0029280709648838252	7.356519222043758e-33
0.2146736439412407	0.07604427741700666	0.21467364394017846	0.07604427742017983	0.06618823810096983	0.10890274328908037	0.0661882381010795	0.10890274328977989	0.09124446245481574	0.08429606551401797	0.09124446245504853	0.08429606551347059	0.09378917206646349	0.09374333319252542	0.09378917206982842	0.0937433331989499	0.08440973925872959	0.0912662206853154	0.0844097392617741	0.09126622068724714	0.1085120146602488	0.06684454044918056	0.10851201466028501	0.06684454045617982	0.07784460419236666	0.2090228971684893	0.07784460418878941	0.20902289716086447	0.0032670365271503855	6.1052560010729565e-31	0.0032670365254814596	4.95759867173e-34
0.22788173439064063	0.07614470991335093	0.22788173438844445	0.07614470991671118	0.0665464330180481	0.1149708140572666	0.06654643301749316	0.11497081405811516	0.0937925072811668	0.0858537374429156	0.09379250728169256	0.08585373744371345	0.09739520095440653	0.09733113165859228	0.09739520096151563	0.09733113166727132	0.08599205024609709	0.09383171404084979	0.08599205024825408	0.09383171404972684	0.11449155843663028	0.06730919990746137	0.11449155844734689	0.06730919991343387	0.07821290873256583	0.22153535027102852	0.07821290873625983	0.22153535027667326	0.003615282155601933	5.891098617984137e-31	0.0036152821575230728	3.338441750626541e-32
0.24074287514105583	0.0760126001118523	0.24074287514240122	0.07601260011134493	0.06672863744431026	0.12107170864293788	0.06672863744364821	0.12107170864343383	0.0961037995232844	0.0871313320768264	0.09610379952231242	0.08713133207606696	0.10091695096353288	0.10083029212862263	0.10091695096666095	0.10083029213078612	0.08729630478576683	0.09616525084267113	0.08729630478932532	0.09616525085024975	0.1204943942012326	0.06760205616217425	0.12049439421715435	0.06760205617260362	0.07835883191548408	0.2336888203397196	0.07835883192351897	0.23368882033440938	0.003965580197607404	1.5944131293201991e-31	0.00396558019914846	4.562014269581941e-33
0.2529979006597695	0.07569675962933053	0.25299790066263717	0.07569675962878185	0.06676216722264171	0.12707840231469814	0.06676216722131048	0.12707840231565545	0.09816019371167817	0.08813702655560672	0.09816019371141013	0.08813702655597544	0.10429989807339277	0.10418651153465168	0.10429989807731059	0.10418651153901867	0.08832981686688368	0.09824838903052475	0.0883298168732557	0.09824838904264181	0.12639617754496557	0.06774697953080645	0.1263961775595018	0.06774697954429858	0.0783234828307272	0.245243062727519	0.07832348283793786	0.245243062752382	0.004309343671968835	2.8428362726905177e-32	0.004309343671395815	8.776401845220268e-33
0.2643718180601788	0.07525370428947678	0.2643718180620341	0.07525370429013804	0.06668050885997924	0.13283478226658849	0.06668050885945132	0.13283478226670659	0.09994903561302922	0.0888915886916098	0.09994903561416371	0.08889158869182669	0.10747689320702704	0.10733346575693539	0.1074768932112528	0.10733346575729556	0.0891122534845396	0.10006753097378548	0.08911225350508038	0.1000675309795366	0.13204469336735067	0.06777350778003391	0.13204469339727626	0.06777350780061972	0.07815416527140992	0.2559445648028198	0.0781541652802048	0.2559445648324709	0.004636901753775324	1.5535779422447268e-32	0.0046369017512145165	1.3486439902542775e-32
0.27458597478540825	0.07474393451911913	0.2745859747873868	0.07474393452107163	0.06652123741058533	0.13816205336858747	0.06652123740823547	0.13816205336599577	0.10146287917156091	0.08942680431994393	0.10146287917400673	0.08942680432018123	0.11037016979977848	0.11019489772656592	0.11037016980995185	0.11019489771714877	0.08967413640123074	0.10161358844385869	0.08967413641852416	0.10161358845173082	0.1372661238674382	0.06771502249637841	0.1372661238906958	0.0677150224969256	0.0779011066078106	0.265537598757858	0.07790110662542622	0.26553759876975286	0.004937931375711002	1.541237073677793e-32	0.004937931371017774	2.1743613054828753e-31
0.28337209012329007	0.07422772033497246	0.28337209012479925	0.0742277203365604	0.06632330405874848	0.14286959403539837	0.0663233040574223	0.14286959403485958	0.10269864472674237	0.08978220852952429	0.10269864472866663	0.0897822085287049	0.11289558106841861	0.11268881335431288	0.11289558107772901	0.11268881334873217	0.09005367427036276	0.10288121433907896	0.09005367429078566	0.10288121433894372	0.14187557796763284	0.06760632558393335	0.141875577986879	0.06760632560038286	0.07761388285584322	0.27377686619681274	0.07761388287890786	0.27377686618480024	0.005202025665009898	4.092039811563403e-32	0.005202025670799183	5.756033649823455e-31
0.2904868024166366	0.07376085897122037	0.29048680241885294	0.07376085897219492	0.06612399248104883	0.1467693861855237	0.06612399247958393	0.1467693861844574	0.10365639366309953	0.09000048008968259	0.10365639366374006	0.09000048008685804	0.11496884381976588	0.11473353087755973	0.11496884383073926	0.11473353087790492	0.09029226983503758	0.10386779579421711	0.09029226985866073	0.10386779578617819	0.14569102170604623	0.06748087957930635	0.145691021734828	0.0674808795906684	0.07733795197432942	0.28044052598881525	0.07733795199507407	0.2804405260057714	0.005419355123780159	1.6752346392652882e-32	0.005419355127143149	2.0956992353431994e-32
0.29572528682298965	0.0733908486228098	0.2957252868240142	0.0733908486246412	0.06595591101738746	0.1496922828982536	0.06595591101628052	0.14969228289849046	0.10433795956608008	0.090122169599031	0.10433795956573186	0.09012216959568464	0.11651306179810846	0.11625486433843148	0.11651306181242257	0.11625486434263713	0.09042935652864444	0.10457243178956972	0.0904293565515794	0.1045724317889555	0.14854892843936832	0.06736805048734718	0.14854892846346807	0.06736805049763653	0.07711165496941907	0.28534231942529514	0.07711165498592894	0.28534231943977184	0.005581357219485182	7.946931842031042e-33	0.005581357214921687	2.6024866262883257e-32
