-0.0003372740766280913
0.0007130604817575659
0.0012852381078118924
0.0020824723937948875
0.003134342220164399
0.004614808397946035
0.006709601320608272
0.009878349151676957
0.00018424381812565116
0.0002023608094532392
0.0003261178200375525
0.00038083140429279183
0.00032699041089623293
0.0003778444443724993
0.0003725291174987433
0.000461354909361944
0.0004357220045676513
0.00042671158189477865
0.00044608276948565617
0.0004581310367939295
0.00047288120549637824
0.0004342144493421074
0.0004364616142993327
0.0005174563157197554
0.0005875582210137509
0.0006755631184205413
0.0007902761135483161
0.0009666705445852131
0.0011921646364498883
0.0022196913487277925
0.005193220917135477
