192.71348827914701
178.68354234705532
164.0861560303519
148.8592931793943
132.9333484739962
116.2299657490177
98.66060465466941
80.12451791589547
60.50743787322881
39.67704129052965
17.48028271189378
-6.261656561679047
-31.759486631899563
-59.263658953711
-89.07448871793935
-121.55548561224487
-157.15157557654334
-196.41519393334056
-240.0449443810719
-288.94376818721537
-344.3072026481974
-407.75965354243465
-481.57155173488707
-569.0203302327552
-675.0216539849736
-807.3018924492495
-978.7439482676916
-1212.549690957826
-1555.1482910024906
-2114.923905757905
-3217.128704347128
