2.5758062064947294e-11
3.412918247940607e-11
1.371772596958005e-11
2.7160222699553884e-11
4.4003146728801744e-11
3.225898671696414e-11
4.695700735549993e-11
1.6588803689452935e-11
3.267520383718647e-11
8.493737569625366e-11
3.674716657419341e-11
1.780932251045695e-11
1.200085108834168e-11
1.4195143791963755e-14
7.677051312140588e-15
6.056761638928396e-14
-1.9031138962952918e-16
-7.744506376534081e-17
-2.1539123940442933e-16
3.3966912410649977e-16
-2.817947748662071e-16
-3.701747228045737e-16
-1.399509857655131e-16
-3.3467726704394546e-16
-3.49165496574916e-16
-2.9180131844500127e-16
-1.6276139511880093e-16
-3.9351047409853967e-16
-2.8624691244890226e-16
-3.7925390676062216e-16
-3.013145400385488e-16
