9.11738544472746e-22	0.00025639376495399164	0.022971050280859606	0.0002634116217279649	0.03536644705201655	0.016990461075097142	0.019029081598864028	0.03147968678319306	0.02888089345028207	0.018853753379622796	0.019140422362834822	0.029266101771022925	0.029429661305746327	0.019075934503432094	0.019121674041847204	0.029382195922291562	0.029375914359968072	0.01912266940327051	0.01907571340624781	0.029375726339710775	0.02938231920216812	0.019148138449415267	0.018853174395463447	0.029424173838681008	0.02926689966175835	0.01904594038390588	0.01698762308063742	0.028907168047163857	0.031481954462187066	0.022971286577979023	0.00024863356431213213	0.035498470677567076
6.099708964186586e-19	0.0003109284879320929	0.02560063422771969	0.0003206942861427827	0.03881747027168992	0.01839560090968895	0.020859902009186672	0.03415717002564271	0.03111308367198402	0.020623572687665733	0.020998387087075025	0.031606498251336455	0.03181363807084321	0.020907859181190504	0.02097182824939868	0.03174715473895207	0.031739387531045736	0.020973785018084584	0.020907291734628426	0.03173916242976153	0.03174728822581849	0.02100990115636963	0.02062258271916501	0.031805802620814894	0.03160759798228502	0.020881604173530226	0.01839205975518874	0.031147593128472206	0.034159333481018586	0.02560172220060123	0.00030958296890730593	0.0389789775223232
1.410691164642604e-23	0.0003776193728938647	0.0285968860769257	0.0003913155395720784	0.042621694034301764	0.019903772380524855	0.0228871196005776	0.03703146714694782	0.0334738700715391	0.022567274341101652	0.023058623628646448	0.034104721729530746	0.03436649504685237	0.02293075455515343	0.02302068213120887	0.03427370999486638	0.03426445417367708	0.0230235316844774	0.022929732825437064	0.03426407438667802	0.03427393518308041	0.023074998400303005	0.022565690380763677	0.03435530547556888	0.034106467112716116	0.022914814628561642	0.01989942895879278	0.03351916488377493	0.03703320894162946	0.02859865457582052	0.0003870893260231867	0.04281970857229671
3.08557913098798e-18	0.0004592035009847959	0.0320208551429976	0.00047887940040018326	0.04681063704104169	0.02151847403715793	0.025134205925566973	0.040104135656051504	0.03595825891246658	0.024700234349723023	0.025344329342640325	0.036762300608095065	0.037092199695664865	0.02516412602566482	0.025289969141833745	0.0369629162707216	0.036952527665948635	0.025294469946606536	0.025162171904801963	0.036951839858464036	0.0369633398377502	0.025368030137756126	0.02469755755272273	0.03707626445526412	0.03676511668693345	0.025169068026061253	0.02151281495938274	0.03601725668972292	0.0401043615568727	0.03202218397741624	0.00048602144815217097	0.04705380255842835
2.0052851920906022e-22	0.0005589864078036574	0.035943445221838635	0.0005870391610382109	0.05141647744217516	0.023241394753612806	0.027627276995618514	0.04337183123195205	0.03855724993210567	0.027038045420213385	0.027882146158424537	0.039579172355814866	0.039993487794368864	0.027628542420804546	0.02780459247105164	0.03981382956954063	0.039803281417405495	0.027811520008911034	0.02762546014658635	0.03980204623317957	0.039814568576506934	0.027916253651160558	0.027033901455236393	0.03997078490848154	0.03958362328541189	0.027671088665084963	0.023234757821661824	0.03863450359152447	0.04336956438995451	0.0359451900023562	0.0006128074169797524	0.051715898186502816
1.0566392450574811e-25	0.0006810269746725557	0.040454062240342356	0.0007213038147716522	0.05647251412125844	0.025074845931177012	0.030397324097776294	0.04682719413600846	0.041259603618156844	0.02959755811037762	0.030702263939375488	0.04255324124607029	0.04307156857024676	0.030346882141605917	0.03059193468525169	0.04282275786384387	0.04281396527537528	0.030602784494749746	0.030341763201072548	0.042811862970870036	0.04282402543511451	0.03075163065230486	0.02959095922487353	0.04303928308323632	0.0425602401912603	0.03045239586230302	0.02506742113595094	0.04136054671274971	0.04682047751954473	0.04045562600203156	0.0007759295528015162	0.05684186800714438
6.807071798981635e-24	0.000830175659980359	0.045658703663112095	0.0008884063625843868	0.06201213078635941	0.02701988506970984	0.03348117862510164	0.05045693973892451	0.0440505552718872	0.03239560262462295	0.033838877541416484	0.04568031643342259	0.04632601956045652	0.03334261733889526	0.03368221773796654	0.045982794141815	0.045979513731643135	0.03369892280072266	0.033334244983525316	0.045975878965224155	0.04598501353523912	0.03391001322569316	0.03238514569745943	0.04628014197653862	0.04569137373009289	0.033549701092820114	0.027012613827981632	0.04418212295964682	0.050442579153541556	0.0456604672894835	0.0009866445863143567	0.06246853463096022
1.1881842746052795e-25	0.0010123361758743261	0.05168816023983627	0.0010970732912057302	0.06806842376491591	0.029078071351258235	0.036924131572062	0.05424263947216773	0.04691328284814093	0.035451319446844556	0.037330940542460625	0.04895602514491896	0.04975692449873919	0.03664063202114631	0.03710829102466817	0.04928335351525375	0.04929203092509739	0.03713380355846539	0.036629840570617966	0.04928741988204135	0.04928836779213305	0.037434208568618274	0.035433966551525704	0.049691658933888105	0.048973886335249864	0.037005780035972054	0.029072460199300047	0.04708296866694589	0.05421399784790812	0.05168957207837483	0.0012598713787202297	0.06863331755144053
6.559466576439698e-22	0.0012345104892909583	0.05869977096865954	0.0013585231444929488	0.07467331516356664	0.03125048713854024	0.040770260527541485	0.05815510347594806	0.04982571114186023	0.03877763656776427	0.041223080356673464	0.05237161724093907	0.05335871414982309	0.0402669820228291	0.04091066695299369	0.05271558487837316	0.052746618093926084	0.04094715926615887	0.04024796012192237	0.052735985025271534	0.052722170815609155	0.04136640486994706	0.038750091587869136	0.053264447294621896	0.05239724124209278	0.04086791974843068	0.031249714836018343	0.05004487329471868	0.05810486429106018	0.058700017279684935	0.0016153100331967396	0.07537347130056612
6.613204586568094e-24	0.0015050936299302767	0.06687944800796303	0.0016872180986273546	0.0818570402666207	0.033539188714721925	0.04507135673735943	0.06216089930524938	0.0527657081335871	0.04239058045385413	0.04554518836279594	0.05591485443430075	0.057125119172214855	0.04423675132120989	0.04510895141523163	0.05625316601900429	0.05632315159141798	0.045164966997009906	0.04420621965356596	0.05630512436371924	0.05626438348273748	0.04575002400945516	0.04234687754811152	0.05699188805730728	0.055955280991524824	0.04518780584452948	0.03354892683995238	0.05304730361199695	0.06207610744267089	0.06687968925251324	0.0020787969802560373	0.08272595151043606
6.077956839915072e-21	0.00183400148992428	0.07645294183452231	0.0021020772966172515	0.08964695409667217	0.03594777238867916	0.04988575238045546	0.06621859237320721	0.055709166511287884	0.04630267916346933	0.050339353643940064	0.05957616155682397	0.061050332404873654	0.0485679685998026	0.049736319688976745	0.05987736565796741	0.06001128108680772	0.04982164561666593	0.04851972892095598	0.05998096302955472	0.05989630820992649	0.050630406192511225	0.04623334345374223	0.06086268926194502	0.05963993319791038	0.05002177226318287	0.035977741235208804	0.056068603775828146	0.06607918365661272	0.0764532366858147	0.0026841173335503937	0.09072644447246536
2.1872444273924135e-22	0.0022328501993571608	0.08767545984604988	0.0026273422223849277	0.09806621195669894	0.038482029217504585	0.05526736282793883	0.07028151036265601	0.05863127578502547	0.05052239364735589	0.05563166639663614	0.06334417826934112	0.06512615328834304	0.053266305720048195	0.05480958686290791	0.06356273597788425	0.06379679502013988	0.05493816809550229	0.053191471872747344	0.06374642272240003	0.06359430861792807	0.05604246479392511	0.050412593199429236	0.06486303880878662	0.06344474773776068	0.055422579518593564	0.03854822434989104	0.05908665149838065	0.07005659572237995	0.0876757192550249	0.003474243735196259	0.09940873593741333
1.0951208307000578e-22	0.002715080645249054	0.10082119914130917	0.003293434275748647	0.10713218472690357	0.04115079149217791	0.06125821523391424	0.07430114950269773	0.0615076209883623	0.05505267640901641	0.061426773122775884	0.06720912673551006	0.06934334177960194	0.058322174630781584	0.06032674501804149	0.06728204888070108	0.06766671643907886	0.06051768305286656	0.05820882420993626	0.06758417158650747	0.06733385753221319	0.06200132941394787	0.05487953488671794	0.06897636871857063	0.06736747806872029	0.06142977273791059	0.04127856625486596	0.062079422269337554	0.07394369332851686	0.10082135844635887	0.004502075079369702	0.10880316890982188
2.204146134264631e-21	0.0032958641693411174	0.11615107557527696	0.004136973726851552	0.11685383716911303	0.04396605611003584	0.0678719671088566	0.07823305365737349	0.06431493166078614	0.059889343359653256	0.06769338712235703	0.07116555888762793	0.07369192817348488	0.06370465555728781	0.06625686872708664	0.07100915151131629	0.07161159858182795	0.0665353349791315	0.06353782633642907	0.07147890143500331	0.07109239522424003	0.06848776875472423	0.05961822187479001	0.07318385269273718	0.07141411245575405	0.06805388653911587	0.04419401163589729	0.06502552573973903	0.07767250894862178	0.11615106462037915	0.005828980855609017	0.1189349641653182
1.336855613202717e-21	0.003991947745667498	0.1338606959571318	0.005199196734626376	0.12722833985596319	0.04694207760396439	0.07507461869945126	0.08204503991717141	0.06703187884584082	0.06502012278275698	0.07435026300640465	0.07521607518297843	0.0781617430227269	0.06935681999801228	0.07253211156021788	0.0747231405201714	0.07562838121995494	0.07292918971409747	0.06911985627251842	0.0754200388075484	0.0748531943050716	0.07543278983738794	0.06460022952745142	0.07746517801664415	0.07560390228214657	0.0752566573474944	0.04732658810994889	0.06790446403601287	0.08117798344459036	0.13386079953631203	0.007520125191699385	0.12982106206250665
3.3910035519674495e-22	0.004821044462976077	0.15400680428786856	0.006521814631837799	0.1382365018752871	0.05009261972384639	0.08276550322152633	0.08572649589873454	0.06963995397480445	0.07042498745173068	0.08125826532307805	0.0793751292147881	0.08274299843445487	0.07519506135452377	0.07904544748418565	0.0784130802042467	0.07972314773827016	0.07959649805358841	0.07487277225039485	0.07940528915827239	0.0786094744880641	0.08270725524421339	0.06978460866350084	0.08180017770706456	0.07997423280605458	0.08293187265469226	0.05071215707181155	0.07069670530927753	0.08440625963335885	0.1540068161155062	0.00963501704312633	0.14146580327544764
1.318773449758234e-22	0.00580089496066534	0.17643492626209076	0.008140197632331321	0.14983746911546578	0.05342621952781524	0.09077031568829946	0.089295637327238	0.07212444719790453	0.07607821559785888	0.08822767426298685	0.08367098427187682	0.08742637601984134	0.08111602752696824	0.085659987681434	0.08208175599577734	0.08391235549454817	0.08640151928818304	0.08069972362127409	0.08344314800764437	0.08236661811424338	0.09012664965594097	0.07512093251019585	0.0861706407997829	0.08458281586814999	0.09089925353358935	0.05438469855463529	0.07338411814039822	0.08732268596824157	0.17643490281622579	0.012214546909930245	0.1538553281190233
8.297816500788585e-22	0.006948216682702219	0.2007429716038343	0.010075763717557003	0.16196396950805214	0.05694082452055073	0.09885656221462222	0.09280050591379208	0.07447610365378346	0.08195198952516364	0.09504576145914134	0.08814340317613491	0.09220247894497811	0.0870113216911689	0.09223172735419222	0.08574578363935613	0.08822104603760365	0.09319728513756265	0.08650514889774492	0.0875531048898824	0.08614048475079225	0.09747628663257712	0.08055534403234753	0.09056153883963107	0.08950399102615762	0.09892035362392114	0.058368976332903395	0.07595073326094547	0.08991664400840838	0.2007430234025818	0.015268161085943574	0.16695172786840906
1.9260968921382145e-24	0.008277502098773338	0.22631261369814593	0.012330368020160794	0.17451939445205836	0.060619644266419546	0.10677260720936822	0.0963114999856828	0.07669287608006865	0.0880196343576228	0.1015184124799337	0.09283619161840367	0.09706011665544584	0.09278573667023879	0.09863825305445673	0.08943073525447029	0.09267755395075028	0.0998548148152666	0.09221254781767074	0.09176184232604995	0.08995123267360405	0.10455249285971412	0.08603748293103841	0.09496074129015628	0.09481796841126976	0.10673862590130304	0.06267388571021079	0.0783842469701318	0.09220023387189313	0.22631263921390932	0.018767200150579266	0.180688297948825
1.5361399684645534e-22	0.009799837518962094	0.2524046356703433	0.014885109824227982	0.187377634414903	0.06443018902807403	0.11429585559439157	0.09990690793037733	0.07878147846524271	0.09425620302197124	0.10750816120194229	0.09778590846727783	0.10198365538023149	0.09837095032827853	0.1048006337461751	0.0931627436583324	0.09730563525941839	0.10628715485725562	0.09777554720436805	0.09609607557695826	0.09381465169163317	0.11120265796442065	0.09152523700410808	0.09935636434358162	0.10059531487268902	0.11412867603148065	0.0672892116861655	0.08067725333523745	0.09420100140166833	0.252404683276505	0.022647955913154365	0.1949668647674497
2.0651984798867183e-21	0.01152160965262542	0.2782798035556627	0.017703788017187548	0.2003857179014718	0.06832678370533755	0.12126918779669177	0.10365688528977723	0.08075789498260212	0.10063509286862579	0.11295164619861178	0.10301053414659235	0.1069503345695274	0.10372896176061747	0.11068817868389098	0.09695976771813195	0.10211656911585242	0.11245675995349841	0.1031774141121731	0.10057399983187465	0.09773478934274235	0.11734608338633776	0.0969846357263874	0.10373306534983465	0.10688091731726489	0.12093326574323207	0.07218585172179685	0.08282811647100576	0.09595252302882383	0.27827985021258844	0.02682270648247885	0.20965729434856514
3.671300111018752e-23	0.013442662205931932	0.3032935094925582	0.02073803575796476	0.21336796902018834	0.07225476797321617	0.12761182349122138	0.10761031296419102	0.0826462025779865	0.10712129340492432	0.11785170952943615	0.10850110324767023	0.11192833026647486	0.10884513321448724	0.11630589266261168	0.10082561773518406	0.10710300101848247	0.11836468062327896	0.10842025768820833	0.10519788706374969	0.10170028473758305	0.12296941802223467	0.10238536709424688	0.10806875116457483	0.11368141011713682	0.12707454506531493	0.07731754348939654	0.0848405961145703	0.09748668525331321	0.3032935772404224	0.03119281925426	0.22459806898952864
2.986147530552518e-26	0.015553810861338878	0.3269401277317379	0.023931521818963988	0.22613104861356137	0.07615452069691396	0.13330723399588937	0.11178615652436188	0.08447554522178788	0.1136636577230035	0.1222535383873723	0.11421696545545695	0.11687588424785256	0.11371610434056287	0.12167338260266314	0.10474728581596382	0.11223496878013414	0.12402937911553653	0.11351002558563347	0.10994903470361977	0.10568438202869596	0.1281043534622293	0.1076940801388975	0.11233269900461958	0.12095680934396189	0.1325417191590977	0.08262173232618664	0.08672230502463546	0.09882991677627823	0.32694017645886525	0.03565855467435516	0.23959709134810284
2.5720526908683645e-21	0.01783350330567057	0.3488528286259448	0.027221530398364887	0.23846964281910926	0.0799641102957182	0.13837967712365534	0.11616796528724165	0.08627512790165698	0.12018851773116784	0.12621767242654636	0.12008391275412889	0.12174092943175258	0.11833787158935488	0.1268044428429068	0.10869414801987223	0.11745731515533142	0.12946486479305633	0.11844288284802573	0.11478464568793532	0.10964647835771228	0.13280038056811155	0.1128680585871256	0.11648528504383025	0.12861537449161783	0.1373671487841764	0.08801882397672539	0.08848223304026322	0.10000259570744707	0.34885286479407707	0.04012352988120511	0.2544324921161542
1.201055639946015e-25	0.02024443805991478	0.3687799716207833	0.03053857828451564	0.2501729766620062	0.08362064896678396	0.14287062488951985	0.12070046150905508	0.08806745599253232	0.12659646372387437	0.12979891182106595	0.1259943411311609	0.12646079091500761	0.12269713666046664	0.13169294344258595	0.11261748961905267	0.12268820004961928	0.13466442902242742	0.12319584624855856	0.11963602507298515	0.11353341918908133	0.13710208223730597	0.11785096367595616	0.12047838839967988	0.13651110589312135	0.14160212189351012	0.0934105444761675	0.0901275621245538	0.10102006898123728	0.36878000733637883	0.04449488122850674	0.26885410414692795
5.346631161259349e-23	0.022730582011722733	0.38655564396086617	0.03380502131619933	0.26103246451945944	0.08706074702584427	0.14682098268479726	0.12528822939989842	0.08986053784413595	0.1327631639306211	0.1330336005989063	0.1318097437691465	0.1309616982470409	0.1267663268776707	0.13630601993707062	0.1164499498751809	0.12781904902591354	0.1395919456618605	0.12772215895850952	0.12440816145017763	0.11727993052337196	0.14103444412635507	0.12257139289970923	0.124255826444158	0.14444467986980142	0.14529823130892106	0.09867909249425248	0.09166029836760936	0.10189410437464169	0.3865556695063065	0.04868127609118235	0.2825867854323295
8.230998716905625e-27	0.025215653976523245	0.4020734553436017	0.036933997511933665	0.27085025012014086	0.0902207140143206	0.15026036228247236	0.12979768993844432	0.09164035808822173	0.13854432374315348	0.13593436259754713	0.13736622595381923	0.1351585837187075	0.13050186410920742	0.1405837061405877	0.12010553308023475	0.1327171005153757	0.14418045661069032	0.13195094886963682	0.1289813008099205	0.12080866485094743	0.1445960867725911	0.1269442202047487	0.12775364496916006	0.15216940271044196	0.1484957965164086	0.10368853621965149	0.09307427369992581	0.10263398356115033	0.4020734751275814	0.05259049045779009	0.29533653710380875
3.958302576243468e-29	0.027604164053362894	0.41526672956610144	0.039829933796100406	0.27944780440370853	0.0930370592714724	0.1532025898298032	0.13406396469724652	0.09336589392130479	0.14378430195142244	0.13849041176642984	0.1424837763257013	0.1389563421139411	0.1338451832434647	0.1444436015328086	0.12348167089255879	0.13723164040731148	0.14833688121777577	0.135790823890787	0.1332156902900859	0.124031305740452	0.14775913667617335	0.13087454158047498	0.13090083979283745	0.15940375866648038	0.1512184835211738	0.1082894728847961	0.09435335137887316	0.10324725614955532	0.4152667466715777	0.0561281198744508	0.30680030793086954
3.1631512420139434e-29	0.029785853055929314	0.4260945148268289	0.04239144012028091	0.2866732590847255	0.09544774818367835	0.15564605191751613	0.13790310412059276	0.09496905565203033	0.1483271470647375	0.14067182741080622	0.14697888810513965	0.14225350461972616	0.13672644898577352	0.1477892967465378	0.12646450097880396	0.14120415357294555	0.1519515513352816	0.13913704910850433	0.13696016103939548	0.1268519885634095	0.15047428241477329	0.13426367749942264	0.1336214831527183	0.16585059138839314	0.15347294399969083	0.11232710684668425	0.09547152846115717	0.10374017893733332	0.4260945307961837	0.059198393359845614	0.3166794113929184
5.504828795375531e-31	0.03164400907824046	0.43453230011540805	0.04451700569148208	0.2924060344806183	0.09739451484711426	0.15757746033702447	0.14112880353378038	0.09636123537201412	0.1520283322076075	0.14243658759766042	0.15067888969233667	0.1449488101034787	0.1390708217881728	0.1505210860111395	0.128937656953249	0.1444812341985017	0.15491069709921446	0.14188155804202524	0.1400641646715868	0.12917361508917952	0.15267961658548354	0.13701654100116223	0.13583898054851923	0.1712210319371244	0.15525215801314873	0.11565203360708064	0.09639545103257785	0.10411790474380217	0.4345323122548664	0.06170772859615376	0.32469584046200434
1.2120246720266794e-31	0.03306715455798849	0.44056611348227637	0.04611324009180035	0.29655785403500823	0.09882618731303168	0.15897746785578756	0.14357128311927547	0.09744635718169417	0.1547653284642975	0.1437391349048322	0.15343564938509474	0.14694992480442554	0.14080668564260443	0.1525473180378512	0.13079353717153164	0.14692808745100672	0.15710972086303315	0.143924454594538	0.14239167134621156	0.13090654341293856	0.15431145555470321	0.1390493849473533	0.13748240746489815	0.17525973956080268	0.15654104510570066	0.11813222328328951	0.09708920796006786	0.1043845748106739	0.44056612431314035	0.06357096276707916	0.33060980643086957
