141.92717521069852
131.85181684719464
121.37413086558718
110.4498167527396
99.02919988533313
87.05632817135225
74.46799873216541
61.19229716897363
47.14726798814371
32.238986685692
16.358219918432457
-0.622327976649558
-18.85248360662985
-38.51016553930289
-59.808659153040935
-83.00630890855417
-108.41980272143348
-136.4429953104476
-167.57436040681787
-202.4578883503027
-241.94517085217083
-287.19171806334526
-339.81102784687624
-402.1310623700341
-477.6428302237603
-571.8334932690318
-693.853019616074
-860.1817570695767
-1103.8006766815963
-1501.7035432495982
-2284.9465261317487
