0.035498489017353	0.018064136769939003	1.2764019335819877e-24	0.03134512014809618	0.028876550839981814	0.019115888562611195	0.02110189348341674	0.029280360362851143	0.029430026521545687	0.019119988431983065	0.019224853327208125	0.029381360673100425	0.02937612897210908	0.019130962799280882	0.01916360287591884	0.02937819724301818	0.029378952584399744	0.01913221421296562	0.019138121595399467	0.029378406558847773	0.02937842455779844	0.019133670534775202	0.019133683019612862	0.029378997873373988	0.029378226467113043	0.01913799834165149	0.019132609002378592	0.029376283695528367	0.029381873684380885	0.01916273273026974	0.01913148757114029	0.029429952929587402	0.029265844078387056	0.01921734354645445	0.019121178498927756	0.02888689897715831	0.03149344124498702	0.021085406298337068	0.019119265039573112	0.0353359471313285	0.00012673622303121227	4.0645128505886513e-22	0.018072194600138234	8.137979846926113e-22
0.03897900055609038	0.019664958942342242	3.152351747970607e-23	0.03399290601691697	0.03110753234296482	0.020969312440102455	0.02330394928369284	0.03162483161889863	0.031814290081535024	0.02097062029774061	0.02111228085567375	0.03174625834622946	0.03173994480135853	0.020986547439075038	0.021032760406581565	0.031742976095524074	0.03174404597667106	0.02098855915356287	0.02099761536980955	0.03174325863502973	0.03174317206421278	0.020990617758347523	0.020990757961633966	0.031744113598105625	0.03174283937718186	0.020997161918253765	0.020988583083636773	0.03174018505385786	0.03174677848450022	0.021031289867763897	0.020986704153250154	0.03181417252937469	0.03160617342854954	0.021101762298029812	0.02097175639043504	0.031121657234338112	0.034174582456426975	0.02328318655836181	0.02097333326597248	0.03877758645982084	0.0001544684290781152	2.619034796463051e-19	0.0196666832388126	1.2979278069957761e-20
0.0428197685188834	0.02140414968450942	6.197710043101116e-26	0.036830167304700324	0.03346679563999858	0.023024693833676207	0.025763478056950374	0.034128101429086455	0.03436748708648202	0.02302061001703563	0.023211969846889554	0.034272384697773266	0.03426526058725358	0.023043687134026197	0.023109040555478234	0.034269415712507106	0.03427114361820869	0.02304686251728763	0.023061067698515462	0.03426978335668449	0.03426972028545531	0.023050307760543325	0.023050683210139276	0.03427118430364557	0.03426926935929983	0.023060145290912364	0.023047289961825593	0.03426564626082618	0.03427303829170744	0.023106581447023725	0.023044431054554525	0.03436737620509828	0.034104390451519376	0.023196573409947782	0.023022430698200518	0.03348610620260341	0.03705344040973111	0.025737338144362944	0.023029676056977987	0.042569562662568686	0.00018864564736173825	1.9111246254334624e-18	0.021395240256943934	2.1413268809347802e-19
0.04705389159100437	0.023289858081917088	8.511132019361784e-25	0.039856012734311795	0.0359488616312144	0.025305872561001915	0.028511510409165358	0.036792031880738665	0.03709374132549823	0.025292763555690073	0.025550916533478803	0.03696104286231761	0.03695367147444719	0.02532663122022218	0.025418250872035857	0.036959322025283944	0.036962011351584355	0.02533145968263097	0.02535286329292312	0.03695975304397381	0.03695965569964489	0.02533685696823099	0.02533731653835801	0.03696215526258236	0.03695913776647169	0.025351482958148437	0.025331916673369766	0.036954300381515044	0.03696178132109969	0.025414298760137344	0.025327257252051247	0.037093692841650844	0.03676206137617664	0.025528553437712997	0.025295436773338797	0.03597533361685468	0.04013125360646286	0.028478364826940664	0.025312004361435027	0.046742398085892534	0.0002308108848476671	6.027435697497701e-17	0.02326377909372336	4.845005973602542e-19
0.051716030349126405	0.02533064490343817	2.9494591857707337e-23	0.0430648978960252	0.038545322691511584	0.02784031687133206	0.03158139280790283	0.03961666536132331	0.03999592377767576	0.027812525774568657	0.02816064212382404	0.0398111394743941	0.03980491364311694	0.02786188332472688	0.027991202222276548	0.0398123063101592	0.03981654303442358	0.027869671554850355	0.02790271425260627	0.039812820014165	0.03981267637240656	0.027878451372889006	0.027879528652386097	0.03981676664931414	0.039812042314675555	0.027900335947040354	0.02787057547023717	0.03980587048350934	0.039811927545626354	0.027985118306111736	0.027863013153188638	0.03999603297660901	0.03957910773848473	0.0281283719353304	0.027816957558042747	0.038581615233777	0.0434052718784872	0.03153988304382597	0.027848059661795856	0.051327521278717834	0.00028288110358595965	6.209391413794488e-17	0.02527802758232947	1.5764773783276732e-20
0.05684212547669273	0.027535149325657954	1.3708358935574628e-23	0.04644531812528681	0.04124449239358921	0.030662523036797985	0.03501062192188494	0.04260036992144891	0.04307590798866969	0.030610560091601298	0.031078995197112307	0.04281903259483791	0.04281631774332998	0.03068195170881485	0.030864418334085243	0.042825683513680546	0.04283233692643729	0.030694318206887332	0.03074513850020661	0.042826309529652676	0.042826005992825864	0.030708492380190175	0.030710408978067257	0.04283278237783971	0.04282528284507148	0.030740781316652355	0.030695937816438458	0.04281798864660993	0.04281954363512255	0.030854354133536592	0.030683717538156522	0.043075947873035154	0.04255347773028888	0.031031464776872828	0.030616750246026433	0.04129435963744518	0.04686777458362541	0.034958617981218194	0.030669644729805073	0.056356802925206825	0.0003472204252237037	5.01652875091299e-19	0.02744151299187044	4.443148279298732e-18
0.062468839750306905	0.029914259325294006	1.836821569881309e-23	0.04997929092261088	0.04403234777395082	0.033808850556477955	0.038840170341277756	0.045738440605406085	0.04633272818112402	0.03372251059890341	0.03434820643876028	0.045977942892325895	0.045983712457274534	0.03382475368651461	0.03408140200649216	0.045994195957898186	0.0460044172936993	0.0338434119929522	0.03392156812280109	0.045994875393542266	0.045994250719032105	0.03386585881250374	0.03386977080836097	0.04600537300965467	0.04599341385253626	0.03391339668693263	0.03384623104493249	0.04598580697526715	0.04597743064845681	0.03406398927993825	0.03382653923171969	0.04633351768072614	0.04568108460113304	0.034278299683148994	0.03372942348665654	0.04410013356706995	0.0505049771436662	0.03877441848762417	0.03381420600512182	0.0618621300891941	0.00042677402133257654	3.395165408218051e-16	0.029756778477662085	1.2236239089178797e-18
0.06863387345127556	0.03247255605250203	4.473502404751536e-23	0.05363866418964257	0.04689002689914296	0.03732193003076703	0.0431104150511335	0.04902423183183138	0.049765568187464165	0.037184031004766104	0.03801592172134667	0.04927612380112479	0.04929834914092714	0.037336334103268635	0.03768997641465923	0.049309690220477764	0.04932643818789066	0.037367316008511876	0.03748165389404919	0.04931117032820534	0.04930992537034871	0.03740288991688906	0.037407276788798155	0.04932825060947082	0.04930888072357523	0.037471538509526114	0.03737045217897543	0.049303183296854805	0.049275415699157894	0.03766782882500248	0.03733893588204464	0.049768779610246026	0.04895667691474268	0.037916559814957965	0.03719803176914774	0.046983347195906335	0.05429579416438191	0.04302993868076889	0.03732630611988625	0.06787481208606003	0.0005251596462724998	2.1083500562531488e-16	0.03222350121939033	1.327662953000111e-18
0.07537464116465305	0.03522049481814526	2.5530973907689565e-25	0.057386219913085706	0.049797523828107905	0.0412533814079877	0.047865812170343566	0.052448314750654555	0.05337131588181504	0.04103887711743214	0.042137487811796305	0.05269960342020431	0.0527513604466965	0.041259279148899285	0.04174852954033993	0.052760261472388624	0.052786935415408257	0.04130775011415837	0.041478235985629934	0.052763005578786035	0.05276058167523348	0.04136310063070354	0.04137108118261239	0.05279041337959788	0.052759076492526105	0.04146115009828363	0.04131329405747788	0.052759598519385775	0.05269715876443978	0.041714387706173806	0.04126289461085596	0.053377655998868886	0.05237041644023137	0.04199514320435929	0.04105990104432835	0.04992552872067074	0.058211122578897545	0.04776863524725278	0.041251219815101756	0.07442476393869558	0.000646869600983943	2.502080952494653e-16	0.034836115789139775	7.411253401622953e-18
0.08272831546371608	0.0381669189031972	1.6640483833942194e-21	0.06117183282832181	0.05273251806084166	0.04566134756988858	0.05314899250150794	0.05599781138309096	0.05714605740468206	0.04533578111656306	0.04677338368576444	0.05622904553779266	0.056331051154843007	0.04565327649606391	0.04632414403352989	0.05633180862069127	0.056374233488064585	0.045728422389139246	0.0459793944984244	0.05633724838733786	0.05633262851592401	0.045813165162486465	0.045827811813421146	0.0563808056146409	0.056330099844902566	0.045950621532471994	0.045738798823290794	0.05634505213142716	0.05622357326789844	0.04627170264127351	0.04565883320296876	0.05715796809596955	0.055912735247261695	0.04657018721420273	0.045367832951799233	0.05290790887371784	0.0622122742063812	0.0530339522988301	0.045645420885311594	0.08154013051147468	0.0007974763212755467	6.419415465154017e-18	0.037585181250020826	7.852608945356398e-18
0.09073125591099622	0.041320440808088554	2.5301967331360017e-24	0.06493137216061595	0.05567158636507255	0.0506111561652476	0.05899820173696939	0.05965611613633978	0.06108495105016722	0.05012671009360811	0.051986039592690554	0.059841029755190046	0.0600246327043535	0.050581490199622124	0.0514899912390783	0.06000728341831447	0.060074152352074056	0.05069615898614049	0.05105896753032915	0.060018259458170374	0.06000950605350414	0.05082312361548615	0.05084910742027558	0.06008651888692205	0.06000480149589275	0.05101144736772011	0.050714783797656246	0.060048455461216614	0.059830456268813434	0.051410343258887936	0.050589578879531076	0.061106725661583816	0.05957169750194801	0.05169776445191869	0.05017577421301952	0.05591158757338062	0.06625021114357818	0.05886467299482865	0.05056924360183524	0.08924628922310575	0.0009838805019246773	1.0557965651677527e-16	0.0404528835101023	3.914745015307415e-18
0.09941813355998837	0.04468909332395688	2.5062174095130312e-25	0.06858498166499083	0.05859125490781577	0.05617387035492728	0.06544066474004681	0.06340237144445382	0.06518280084419384	0.05546348591078724	0.057834252496778885	0.0635086268338837	0.06381937920320302	0.056109288935782924	0.057321219418795186	0.0637680404060969	0.0638718292682511	0.05628033781832166	0.05679459723938615	0.0637896772690622	0.06377340440268806	0.056465612944804344	0.05651128847162124	0.06389480634922945	0.06376452426997906	0.05671677582242967	0.05631372447685777	0.06385975028417773	0.06349011634195005	0.0572010987938292	0.056121179746619135	0.06522162600671468	0.06333490055083617	0.05742809103944649	0.055539186800408244	0.05891902752768332	0.07026543010768885	0.06529026027670749	0.056085412344925006	0.09756479554764501	0.001214684942742518	8.415861102990088e-17	0.04341114403418055	3.2696800391061425e-20
0.10882106426543521	0.04827875039721742	1.785545463797658e-23	0.07203742206147695	0.06146902444632538	0.06242054485439762	0.07248399641525856	0.06721189928498895	0.06943442061473684	0.06138975553447532	0.06436174166146691	0.06720417173439952	0.06770431905411328	0.062296067298405006	0.06388303580234014	0.06759644730537882	0.06775348677781821	0.06254375491496782	0.06325532478317362	0.06763714938524822	0.067607418201247	0.06280592780015799	0.06288395818899552	0.06779534886834745	0.06759142111814703	0.06313064201900441	0.0626018829452627	0.06777200614269731	0.06717346879849266	0.06370430011043546	0.0623127045390358	0.06950191969469205	0.06719141213055498	0.06379459792314657	0.06150704946253991	0.06191531571754819	0.07418883776741005	0.07232102556334569	0.06225191856404607	0.10651254549117484	0.0015006086739336015	5.555907446345798e-17	0.04641772329160198	3.838668848631551e-21
0.11896746175393923	0.052089755458116976	7.346353562982736e-24	0.07518134497337858	0.06428417081750247	0.06941058591883058	0.08010428186928152	0.07105767646805347	0.07383485125226841	0.0679256951958201	0.07158021998888081	0.07090399384330427	0.0716725364993919	0.06917744929037471	0.07121235691837685	0.07148021082103903	0.07170943362728995	0.06952294734201925	0.07048201628689799	0.07155269923705132	0.07149980037334101	0.06988125522103215	0.0700106555212287	0.07178378339347936	0.07147319335297699	0.07028704003641376	0.06962166531985453	0.07178423837417837	0.07085523842661141	0.07095087740257769	0.06920003401712986	0.07394925582622403	0.07113605059650321	0.07079760480243248	0.0681094392075664	0.06488892713370509	0.07794552299015135	0.07993754525846754	0.06911089019451017	0.11609934303111055	0.0018550018211149553	5.50341367223398e-17	0.04941374767780274	6.781195281326996e-21
0.12987676169284512	0.05611121431189963	4.751260841683458e-24	0.07790768813780968	0.06701776434008679	0.07717318508864629	0.08823488956992759	0.07491538638095334	0.07837909334430392	0.07504447237826686	0.07944816603248292	0.07459671274784845	0.07572371637856831	0.07673796281943085	0.07929048491810871	0.07541923619822834	0.07573769155277293	0.07719886060379887	0.07845604830076097	0.07554048548737897	0.07544936527057342	0.0776705924059104	0.07787709299687397	0.07586548938112689	0.07540955185844957	0.0781610756230885	0.07736070233191178	0.07590360136564986	0.07452147008777305	0.07891702631723582	0.07676688525392769	0.07856747820441534	0.0751756186766495	0.07838450434652786	0.07533456856023107	0.06783125268800536	0.08146231238405494	0.08807867430965043	0.07666808667301431	0.12632470700254447	0.0022942536426671808	7.576428204593262e-17	0.05232257200758986	2.3109913886855804e-21
0.14155477028610614	0.060313762820378	3.11123438782159e-26	0.08012421769363155	0.06965232926026917	0.08568275394513024	0.09676067632984138	0.07877138333745784	0.08306106377438993	0.08264558693449549	0.08785296781639995	0.07829253319237313	0.07986616101344154	0.08488034762524657	0.088018053691443	0.07943247633409847	0.07984736955846239	0.08546504547970861	0.08706890577744875	0.07962194434314279	0.07947126800375766	0.0860636829009752	0.08637828969698708	0.08005811548758827	0.07941935521859814	0.08664089238420165	0.08571917701420909	0.08014610197107494	0.07817836463222953	0.08750082486604342	0.08491371286632515	0.0833609043528987	0.07933631719316274	0.08643475906054872	0.08310443631780716	0.07073470927567388	0.08468025872189508	0.09663599277868393	0.0848709282031591	0.13717252106588115	0.0028379598104967593	7.11690496652e-19	0.05505586097064719	4.5984346113952875e-18
0.1539862045325557	0.06464263175138268	1.338937867672465e-26	0.08177951753538987	0.07217127725634194	0.0948396154651361	0.1055268418846069	0.08263177845920758	0.08787147302406333	0.09054036500379702	0.09660930006911911	0.08202876252175127	0.08411650232084657	0.09340931364427872	0.09720716019210832	0.08356021082061238	0.08405863105764112	0.09411338750783078	0.09611054494557902	0.08383573935457243	0.08359837014702423	0.09484867813314266	0.09530412845413784	0.08438956790893054	0.08354301087689613	0.09551881390401734	0.09449379797724392	0.08453363175310405	0.08185716109289165	0.09651644015389263	0.09344111569316005	0.08833043253465159	0.08366803781885283	0.09476100870249855	0.09126072511635035	0.07358998595082619	0.0875687275166604	0.10546129012144236	0.09359293477539024	0.1486041248843929	0.0035084042650364348	1.2869050067083282e-18	0.057527162259343116	3.2627503009018748e-18
0.1671276452456149	0.06901858305403684	6.424241823851614e-25	0.08288116232681227	0.07455931600704867	0.10447480280292308	0.11436356079726487	0.08652632542196745	0.09279500856830565	0.09847221285109067	0.10548381110196758	0.08586462348894082	0.08849583486088879	0.10205559720613411	0.10660659391170382	0.08785652963337909	0.08839672641277616	0.10286261085496953	0.10529721497360588	0.0882290752147495	0.087874365222667	0.10374202438393618	0.10436673444616218	0.08888952095726789	0.08783495762729224	0.10452182310977012	0.10340331056906585	0.08908701449589099	0.08560836890520775	0.1057206106025726	0.10207247878899087	0.09346858367316441	0.08823925916110967	0.10313602308603709	0.09958120597172683	0.07638434265773537	0.09013385669569104	0.11439026309127551	0.10264176728600534	0.16055227218411788	0.004329146066330478	2.734313679138907e-18	0.05967134757108045	3.2991903922400443e-18
0.1809035174172821	0.07334879819918554	7.113931950204909e-28	0.0834950593937204	0.07680437532696419	0.11438474735285005	0.12311642950860588	0.0905015575426492	0.09780758223990213	0.1061735253347342	0.11423913899624716	0.08986410096487515	0.09302294618251475	0.11054013365967502	0.11595488221470435	0.09237200905811165	0.0928811070843556	0.11142647976671807	0.11433487946244711	0.09284172617210364	0.09233945050153297	0.11245474966960875	0.11326805670890674	0.0935767840696384	0.09234682612554591	0.11337296292139235	0.11215611572294855	0.09381767097375149	0.08948556799529406	0.11486290661486173	0.11051828568320106	0.09875554020712118	0.09312148430435649	0.1113348999853851	0.10783006677277632	0.07910312299421624	0.09241483707783137	0.12327131596016438	0.11179607470875924	0.1729182803317938	0.005323147344677927	1.5319724827877087e-19	0.06146124174244846	5.16285747764598e-19
0.19520617144767086	0.07754356373237145	9.784694922923106e-24	0.08372512851989837	0.07890025080930102	0.12437993354319472	0.13166457616018892	0.09460494759382491	0.10287472450715161	0.11343160631606516	0.12267344119074146	0.09407470310043638	0.09770765701831623	0.11864539881736173	0.12503118394232776	0.09713516370035596	0.09751505902287268	0.11958547074407039	0.12298295666702164	0.0976912691492752	0.09701578683542442	0.12075954799747994	0.12177023163782852	0.09844937257555719	0.09710930874416454	0.12185073375866703	0.1205231464520512	0.0987221683827718	0.09352650710130375	0.12373216266821668	0.11854840249340173	0.1041583081379585	0.09836898127547569	0.11917069523980525	0.11581677076878713	0.08173426081462125	0.09446901336770001	0.13198322060980172	0.12085375491032717	0.18557393243334042	0.006510676137572613	1.4164126318425108e-18	0.06291133199613093	2.8571384161027655e-19
0.20989836910832751	0.08152952214038652	6.088100014936166e-27	0.0836860239961491	0.08084845952810418	0.1343177270429782	0.1399202271849887	0.09886843954897578	0.10795167582868267	0.12012554484904525	0.13063805804417045	0.09851315709373235	0.1025469099624437	0.1262512949234167	0.1336781423542953	0.10214188061305998	0.10228115490348061	0.12721996944025557	0.13108444456671742	0.10276664565328122	0.10190009001731223	0.12852066067078252	0.12972899806249913	0.10348186052995183	0.10212210154743012	0.12981450700707614	0.12837321100927704	0.10378158074767614	0.09774166093815492	0.13217560753780358	0.12602990617657828	0.10963275159196355	0.10400294928267878	0.12650785179620874	0.123427989352729	0.08427303311395162	0.09635478418416282	0.14043468647157265	0.1296635913103743	0.1983661875245028	0.00790721108374957	1.6394525394739763e-19	0.06406824198359706	1.8536523143221288e-24
0.22481536700783633	0.08525364876010988	2.1968713117875613e-28	0.08348307566390488	0.0826581525127008	0.1441040641135617	0.14781665055711218	0.10329814105436977	0.11298494345316716	0.12622110406836862	0.1380347304102722	0.1031615023586995	0.1075236197074928	0.13332429991898592	0.14179617832520536	0.10735482755733343	0.10714288538040702	0.13429689761667396	0.13855872871178335	0.10803002380425827	0.10696428611169442	0.13568229277214178	0.13708378047417874	0.10862903337504135	0.10735325565048418	0.13719496092395125	0.13566161974106147	0.10896366764027525	0.10211272357869183	0.14009216930168694	0.13291850145615952	0.11512658182139082	0.1100038186816222	0.1332574049210957	0.13062107772097956	0.08672422944956754	0.09812019792004989	0.1485528088513562	0.13812813058138196	0.2111223737252945	0.009521137553686127	1.0252683130130265e-19	0.06499474314817819	2.8050556665548957e-24
0.23976569432957504	0.08868042383970405	2.3772953390349374e-24	0.08320318531723356	0.084343995026051	0.1536726046762756	0.15529586529444367	0.10787078072800174	0.11791473473219703	0.13174035446456056	0.14480482990358096	0.10797007692941525	0.11260625499539127	0.13988076719716572	0.14932577570268243	0.11270842733568288	0.11204913239987167	0.14083280625898237	0.14537708663359222	0.11342189063452612	0.11215940880404318	0.14223766631191614	0.14382642989390704	0.1138312563111548	0.11274351340885676	0.14396928877680573	0.14239449143914454	0.11422449821646302	0.10659668314277046	0.1474164959500445	0.13922427600834472	0.12058142458413001	0.11630964239723326	0.1393667870972757	0.1373945123302157	0.08910049095380874	0.09979847969594108	0.15627149171776952	0.14618630826150003	0.22365477605654238	0.011350798015484827	1.1311607642015218e-20	0.06575514762012113	3.913036413848107e-32
0.2545311816478579	0.09178691759908404	2.508209514103006e-27	0.08291285454939676	0.08592263128267084	0.16295798246579435	0.1623012928641605	0.11253407015254742	0.12267731995223242	0.13672805291529555	0.1509192058743783	0.11286246770694282	0.11774700683005995	0.14594981628297113	0.15623132767578804	0.11811462827745389	0.11693752936659423	0.14685822432046494	0.15153903861127763	0.11886482314413405	0.11741842776987843	0.14820040033299745	0.14997104803394878	0.11901798747552861	0.11821074667590203	0.15013831275734682	0.14859368587345334	0.11950760576093426	0.11113051409435167	0.15410572974255557	0.14497648466536828	0.12593317300682658	0.12281745728231556	0.14481177709072277	0.14375615645549264	0.0914173592386832	0.10140765851055124	0.16352485066283132	0.15379121443816224	0.2357653398711917	0.01338097795149076	1.897166858005297e-21	0.06640541970594291	1.2931701180023567e-31
0.2688676732091598	0.0945589532729912	2.2012739463500567e-26	0.08265900909836923	0.08740828413293167	0.17187509727561492	0.1687750233106178	0.1172087360285911	0.12720672839073685	0.14122728939921342	0.1563700024455523	0.11774026514722427	0.12287836061823604	0.15154878822990414	0.1624902134685048	0.12346753371082274	0.1217355148306649	0.15239434974462462	0.15705606038942607	0.12426486447746662	0.12265654080853963	0.15358621525538693	0.15553404450250197	0.1241085348728084	0.12365288158691942	0.1557107923791111	0.1542739584609574	0.12474086894159396	0.11563451873092584	0.16013169085190576	0.15020011039054473	0.13111077785085057	0.12938656401702164	0.14959085217747786	0.14970122884864473	0.09368603905993786	0.10295161537002505	0.17024515560258055	0.16089301382351176	0.24725114363650497	0.015579146965500005	3.1096789080374862e-21	0.06698781674536171	1.128152447999849e-31
0.28250743538539386	0.09698909743581585	1.351073375869977e-25	0.08247026981361105	0.08880821479351671	0.18030898919385174	0.1746578551585394	0.12179157998163523	0.1314356299369556	0.14526625437849103	0.1611631873769468	0.1224876842218682	0.12790933154394132	0.15667217515926768	0.16808572854711948	0.12864716675420593	0.12635942580651807	0.15744204959131894	0.16194154444333186	0.12951161394225552	0.12777012909812355	0.1584037711257	0.16052366602408438	0.12901108970157232	0.12895004583119501	0.16069365216368747	0.15943244626142453	0.12983285485340373	0.12001449744995304	0.1654762351832432	0.15490490393935152	0.13603423651754248	0.13584442765065521	0.15371976909456925	0.15520201155025196	0.09590533003530854	0.10442154606257847	0.17636363244815262	0.16743039145927177	0.257911055787339	0.017892237941203395	7.215179282292756e-21	0.06752900123531397	5.296720113075038e-31
0.2951644437674639	0.09907558101466865	5.822841488094454e-27	0.08235848042320137	0.09011892456755516	0.1881147847080562	0.17989099163324734	0.1261601100937241	0.13529572076678692	0.14885332914993918	0.16531113117725538	0.12697677574435323	0.13272351006117544	0.16129028938434523	0.1730021667456781	0.13352322535090594	0.130713139221142	0.16197947284711156	0.166204711116411	0.13447882753163498	0.13263635789816905	0.1626511109493351	0.16493573364148661	0.1336215372268718	0.13396722364266117	0.16508602483134405	0.16404671069965926	0.13467069198853487	0.12416377823441763	0.17012787483965217	0.15908299868711231	0.14061306034523044	0.14199598838459937	0.15722532149413646	0.16020672271038794	0.09805432058964213	0.10579770064027569	0.18181283243308638	0.1733293906084145	0.26755340384811604	0.020244801548394344	4.728168261060657e-23	0.06804038730121291	2.5751004462459417e-30
0.3065430573830094	0.1008213819897552	9.910204947908838e-28	0.08232068285298019	0.0913239613448645	0.19512573759890994	0.18441865256189818	0.13017917235568133	0.138718266104001	0.15197750644013733	0.1688257687264362	0.13107369437271152	0.13718120304730527	0.1653537186067482	0.17722155378540888	0.13795970402475038	0.1346881955740184	0.1659649378579221	0.16984714855929792	0.13902736062266652	0.1371155912393282	0.16631516522040124	0.16875307540710302	0.13782408554651085	0.13855883197018537	0.16887624662884115	0.16807783506905455	0.13912170681248867	0.1279660760673449	0.17407891126413821	0.16271129842806073	0.1447466778600237	0.14763627574784996	0.16013854693979293	0.1646442275157227	0.10008789179865867	0.10705161032200813	0.1865299085266759	0.17850759132340926	0.2760038345677776	0.02253964443897153	1.4685257021622673e-22	0.06852000821817403	4.419334573545982e-32
0.3163503121275715	0.10223292779829651	3.649424321164395e-25	0.082341900984749	0.09239415809723557	0.20116639681951423	0.18819099211642482	0.13370958136532982	0.14163551355086867	0.15461202962692028	0.17171368131422052	0.13464597854556135	0.14112697083405187	0.16880084354335695	0.18072240485045382	0.14182093931376064	0.13816707228573244	0.16934313188159195	0.17286184690841824	0.14301153147489315	0.1410580294096151	0.16937335519307167	0.17194764526898337	0.14149510373658686	0.14257584879053203	0.17204194429877698	0.17147630433673075	0.14304007235072805	0.13130013049903017	0.17732323233864444	0.16575611596202497	0.148328001184719	0.15256504505492935	0.16248863085678497	0.1684320956551297	0.10193691142191784	0.10814892053462	0.19045999288058582	0.18288104341730532	0.2831122539109899	0.024661988760620486	1.8446129507573748e-22	0.06895539379964577	1.8580187844509487e-31
0.3243114725229187	0.10331849046996558	8.783945333243943e-27	0.08239898345187985	0.0932908148219844	0.2060681052968518	0.19116653503807354	0.1366181871460933	0.1439834541398634	0.15672020589130858	0.17397403661302613	0.13757056467473544	0.1444023363064466	0.17156656130280395	0.1834806091697231	0.144979160646938	0.14103047461974505	0.17205317000064385	0.1752346459564683	0.14628892304172558	0.14431454936503577	0.1717969364439176	0.17448476845640123	0.1445108495045541	0.1458754523340984	0.17455301836597792	0.17418915034557472	0.1462782741223511	0.13404666569563306	0.17985508305235015	0.168178797704893	0.15125037389391227	0.15660127386488726	0.16429868145846935	0.17148607289279275	0.10351448525406207	0.10905291478276079	0.19355873780360563	0.1863718039265513	0.28875761932695054	0.026488023095582826	9.094293704646422e-24	0.06932725975136839	3.7694860519668066e-32
0.33018744499387526	0.10408651459568373	2.2599891376282632e-26	0.08246543189159646	0.09397157562104802	0.2096839099043214	0.19331353571620005	0.1387882347146217	0.14570573693306144	0.15826250121521251	0.17559970564977964	0.13974179175768386	0.1468616325732699	0.17359082839099102	0.18547208012984867	0.14732303801600885	0.1431679270515712	0.17403718436093724	0.17694766624668415	0.1487322617984	0.14675020575469241	0.17355565821460353	0.17632878624554096	0.1467581582970613	0.14833199525129578	0.17637687722975307	0.17616713486641997	0.14870148507960518	0.13609752956577434	0.1816688241082067	0.16994160533335048	0.15341691041999336	0.15959519018528576	0.16558403049178946	0.17372951866878222	0.10472795819375477	0.10972857967516174	0.1957933686445882	0.18891431451374194	0.29284967715649507	0.02789750004367401	2.2959018140204982e-23	0.06961376966308351	3.551117831862893e-32
