6.606978567863213e-10
7.359000711611566e-10
4.900194876446291e-10
5.142701549017015e-10
5.801419486421037e-10
8.209244390540698e-10
6.612302428294894e-10
8.640598257137002e-10
5.783776551734839e-10
8.50597111795301e-10
8.392271704597841e-10
9.927438333481088e-10
1.1413343490284778e-9
8.863877221058373e-10
1.0520674925305728e-9
9.426040040998453e-10
1.002501169946301e-9
7.476588881849161e-10
8.590675944054925e-10
7.11209728474122e-10
5.636216778746858e-10
6.321466279966998e-10
3.5610486961198356e-10
2.0816345343604976e-10
2.097313582797898e-10
1.3503213721963202e-10
1.456149677617228e-10
1.9390224989734409e-10
1.1464680964588069e-10
7.824466835692524e-11
1.1999310495690104e-10
