-3.951359097185125e-9
-3.907310995643054e-9
-3.8573076365933626e-9
-3.802513038667092e-9
-3.742084056392319e-9
-3.6767799675083672e-9
-3.6017687298488505e-9
-3.5217833114936494e-9
-3.431810447399286e-9
-3.3341689347376892e-9
-3.226818042223835e-9
-3.1088419779341672e-9
-2.9799725364250653e-9
-2.840625902705053e-9
-2.690994499126631e-9
-2.5330025707943832e-9
-2.369069324751588e-9
-2.2025363264521695e-9
-2.0359682559139375e-9
-1.875222310004616e-9
-1.7237488443947078e-9
-1.583342419887446e-9
-1.4562619002940448e-9
-1.3437768841630088e-9
-1.2453813695941792e-9
-1.1612564091950022e-9
-1.0896302100608786e-9
-1.0307996517367611e-9
-9.84210540306776e-10
-9.483549901618127e-10
-9.231287983605245e-10
