3.7663044183198965e-10
2.410497703107154e-10
3.3144637066877195e-10
2.8716704009243314e-10
4.1804260774934793e-10
4.897966186856553e-10
3.875122028150619e-10
4.288638733400002e-10
3.6971629981715467e-10
4.1766274832972644e-10
5.668922958552698e-10
5.451878869852987e-10
5.696950904485375e-10
5.94965082834203e-10
6.152699907881508e-10
5.257564974017141e-10
4.4735971111259137e-10
5.131061232670811e-10
4.322658669781345e-10
4.091090019042996e-10
2.5786818104881375e-10
1.6921588915087357e-10
1.822058016784864e-10
2.5395096119475266e-10
9.554006059729542e-11
6.296881007988666e-11
5.67729028638843e-11
9.372234034701299e-11
5.164296115583074e-11
8.910743638240351e-11
4.098927847784836e-11
