175.7847250329179
163.07297253505405
149.848817858259
136.05614408283463
121.63197792558876
106.50542188166474
90.59636940068614
73.8137210670285
56.05403867438781
37.197668886135034
17.106223678941692
-4.381940813664861
-27.457234305023803
-52.345917110126294
-79.31927720686141
-108.70575759425856
-140.90756656044732
-176.4243591100637
-215.88814715704186
-260.1156579652063
-310.18782069353114
-367.5727184025536
-434.32173645717563
-513.395740463269
-609.2354477473871
-728.8207882770716
-883.7903650713582
-1095.1056382316256
-1404.7133270705335
-1910.5348760811232
-2906.426110408195
