5.513639339114877e-10
5.537914840522117e-10
5.557164634203764e-10
5.585014747773357e-10
5.607652998685477e-10
5.637235020766032e-10
5.639387558663041e-10
5.641597367458767e-10
5.632652412495639e-10
5.612976082669738e-10
5.567277896781367e-10
5.494016279458618e-10
5.393064638196599e-10
5.242205384702765e-10
5.053607791965859e-10
4.832303471771977e-10
4.5754661299780514e-10
4.3100534179244555e-10
4.0605205750588004e-10
3.8372175880103394e-10
3.6839261710674855e-10
3.5915102486912856e-10
3.5671997216939387e-10
3.613389991703093e-10
3.706667265191067e-10
3.8395034226043534e-10
4.001276839650502e-10
4.1654957318158874e-10
4.3290652541538476e-10
4.471672246115874e-10
4.57782081509608e-10
