0.03536625117438546	0.018137624555433815	4.8983738529577315e-28	0.030817241426551553	0.03095107577544378	0.02107548410945556	0.021097303204848684	0.03521568486703479	0.00012427597374985391	2.865055310699441e-22	0.018157052393644957	9.218084379652041e-23
0.03881744071492506	0.019760771692010144	7.293526571959525e-22	0.03332335720719513	0.03348480016676861	0.023274379700095167	0.023302170006922855	0.03863086517826752	0.00015094096848734941	1.613876176333121e-16	0.0197796062227763	1.0347986742429063e-18
0.04262436745802583	0.021528359003165482	1.1308014991310523e-23	0.035983869486911735	0.036178731611065	0.025731937496681265	0.025767652333619367	0.04239240280486081	0.00018358292833031367	3.1308965329340293e-18	0.02154512090650893	5.197298738754532e-19
0.046820565972897514	0.023449947129508462	1.1943471826539299e-26	0.0387907924041682	0.03902600070947241	0.028479954849129904	0.02852556995045	0.04653121017431332	0.0002235422060743917	8.088887927865174e-18	0.023462369110222293	4.3340369546614925e-20
0.051441904134166494	0.025535148772400415	1.778834919256177e-24	0.0417310042452308	0.04201483638541062	0.03155423496297896	0.031612347450705215	0.05107980266662879	0.00027244260148709057	2.8445006399623073e-17	0.02554008822674348	1.1611810443761e-18
0.05652668130893991	0.027793371946110496	1.1414280609456974e-28	0.044785467566786426	0.04512776516019766	0.034994807038812616	0.03506872466286631	0.056072137266561746	0.0003322434962377742	2.0345442633562407e-16	0.027786573793916865	5.203979554141324e-17
0.062115615794782794	0.03023543759004356	4.1177007252019617e-22	0.047929167280917895	0.04834169138920065	0.03884780873164764	0.03894062508876077	0.061543772780652393	0.00040533729324277075	7.608243710821668e-17	0.030209803186099806	3.0726433892767152e-18
0.06825276414028567	0.032865132236268794	9.503551514484142e-22	0.05112865525786897	0.05162498969164166	0.04316134829169429	0.043277102485653814	0.06753135051721125	0.0004944892847037886	3.3807964536500676e-16	0.032814017974273246	2.0622014435884293e-18
0.07498489175843655	0.03568890294325002	1.8682966145941357e-26	0.054344633465227055	0.054940717815284625	0.04799190062299661	0.04813373834948488	0.07407289937479615	0.0006030404869029439	4.704381454080568e-18	0.03560253965529415	3.283063121860656e-20
0.08236240806458135	0.03870815561952599	4.4185336891210166e-23	0.057530476178286875	0.058244854699805775	0.053400175636628244	0.05357108045003611	0.08120761733888661	0.0007349376996688671	2.6574227750208855e-18	0.03857462991395804	7.392392267862235e-19
0.09043943122593111	0.04191955880023348	6.736867695278192e-23	0.06063326694625709	0.06148738558676856	0.05945261300591968	0.059654418504876947	0.0889755750231836	0.0008948013081186789	7.82699055456074e-18	0.04172456784728355	2.012926306456173e-19
0.09927379472678	0.045312581210368325	1.2389484323046246e-24	0.06359503395734756	0.06461348857746219	0.06622025221197211	0.06645224931340059	0.0974172160506482	0.0010879730640168382	2.1317827011443318e-17	0.04503954231424617	3.385687691128838e-18
0.10892680736895824	0.0488672254436257	9.020210124216985e-24	0.0663543880518072	0.06756526019075182	0.07377770512729136	0.0740351620598924	0.10657251290062551	0.0013206068624378902	4.098337967657098e-18	0.048498143916725155	9.118095913063234e-20
0.11946203036187049	0.05255155391031907	1.4302787146143175e-27	0.0688488594236143	0.07028395639440799	0.08220076855205584	0.0824725458153428	0.11647944659455457	0.0015996779547296821	6.45683965794051e-20	0.05206766594359516	9.283509883964172e-19
0.13094311275753212	0.056319541682361966	3.942236475623251e-25	0.0710176220915203	0.07271268333368898	0.09156317669144819	0.09182907203193416	0.12717148042778742	0.001932972075382169	1.0862889695640136e-18	0.05570309679215509	2.8490902920015437e-19
0.14342977270427404	0.060109684397680316	1.273687376867893e-25	0.07280474716893304	0.07479958744666113	0.1019316805913808	0.10215922670040323	0.13867378891625684	0.002328989223410277	6.328912618994893e-19	0.05934622022606537	3.5270946231484944e-20
0.15697146640342075	0.06384532861718074	4.6700782972640575e-26	0.07416286121152578	0.07650130765569108	0.11335915495485305	0.11350017159810932	0.15099783572982656	0.00279672464608975	5.783785912347981e-19	0.0629261941745207	9.65755215239848e-20
0.17159814940074905	0.0674372084599555	1.1483393703705474e-24	0.07505702334355684	0.07778661740080627	0.12587548938109508	0.12586288188955086	0.16413402509650565	0.0033452341905879576	3.161776421597823e-20	0.0663623066636358	2.835404932360208e-20
0.18730798273831484	0.07078891961928116	1.2657122656677157e-27	0.07546862984525418	0.07863998592259061	0.13947621113581626	0.13922187370047712	0.178042499083779	0.0039829990175014405	1.1943439702555093e-20	0.06956903280794274	4.22692226481742e-22
0.204052280377137	0.07380512868754219	5.922352481023991e-26	0.07539903828339886	0.0790646574360981	0.1541090812470284	0.1535032539374519	0.19264283056141518	0.004716909550695491	5.947314169710927e-26	0.07246313850976288	1.4460872152906686e-22
0.22171939569412444	0.07640187959829582	1.7809545396071764e-29	0.07487220814466518	0.07908473906954669	0.1696601050663496	0.16857394140479565	0.2078039229721668	0.005550910053466939	1.908503450242508e-21	0.0749724820197062	1.26991399186431e-26
0.24012037000323858	0.07851736520219335	1.5942156501061102e-29	0.07393588581918573	0.07874552837712548	0.1859415087455798	0.18423267548723932	0.22333653675746745	0.006484314458672752	2.0692169345973283e-22	0.07704465260142943	2.4481249042362126e-27
0.2589804972325253	0.08012100469545656	1.1483887506322225e-27	0.07266029228984348	0.07811147177024187	0.20268526544548957	0.20020766660755512	0.23899162261572846	0.007509982786010118	1.7469300714144844e-22	0.07865436531246196	3.9080175707649315e-31
0.2779409142053683	0.08121861079153475	4.218931255163634e-31	0.07113406092982384	0.07726134220217484	0.21954628608517912	0.2161629350118522	0.25446684033134465	0.008612674976467742	3.5723557749593125e-24	0.07980734465317914	4.8729834361772936e-32
0.296572851184194	0.0818521239948286	1.821845694646264e-28	0.06945741735541464	0.07628100023538587	0.2361177496985491	0.2317156064078184	0.2694224885838707	0.009768035841448034	5.204974301797351e-26	0.08053988167341075	8.31428587764222e-32
0.31440387730329616	0.08209375830674544	5.279912565704922e-31	0.0677336082169113	0.075254901781605	0.2519579847562639	0.24646262669079924	0.2835050494237298	0.0109426462321028	9.31469143023451e-26	0.0809138589011762	5.20321807700496e-32
0.33095171276739205	0.08203592757279918	4.153772289396355e-28	0.06606022073396703	0.07425813377917262	0.2666243159014468	0.260012083660002	0.2963738542120776	0.01209539817013637	2.579642688295e-26	0.08100832880356208	9.824386574951079e-32
0.34575869799565684	0.08177937596646535	9.945784778568149e-29	0.06452217183856744	0.07335074318298106	0.279706569183537	0.2720122172279463	0.3077250190646691	0.01318013917822555	3.646751183773735e-27	0.08090956585905149	9.002454283143354e-33
0.3584201558848458	0.08142206176706406	1.8249630782863658e-29	0.06318760347884823	0.07257542223669555	0.2908530273954816	0.2821718111263525	0.3173076939215645	0.01414921187794454	7.996933869671876e-28	0.08070165766491946	1.1931147795860272e-31
0.3686025339978603	0.08105058730223103	1.0849925085639239e-30	0.06210695846383646	0.0719585512288512	0.299784576318737	0.29026876370377364	0.32493041752185975	0.01495732737628352	2.837838918669255e-29	0.0804591448942221	3.777841796862223e-32
0.37605091199120727	0.08073479869340011	1.7197927074392027e-30	0.061314590885495554	0.07151367553601477	0.3062969973169899	0.2961476279750074	0.3304585861965468	0.015565215274422558	5.265462204458712e-32	0.08024229367082499	1.0229059206892713e-31
