2.2196041310194237e-9
2.1654337931503804e-9
2.1072929004486592e-9
2.0451856053068495e-9
1.9791803385449195e-9
1.9094545715761837e-9
1.8363314973841535e-9
1.7602641925956189e-9
1.681871045086369e-9
1.6019514361066789e-9
1.521477470552195e-9
1.4415801111337496e-9
1.3634998603923122e-9
1.2885149948316869e-9
1.21782928483568e-9
1.1524355756607314e-9
1.0929700783193422e-9
1.0395954670403247e-9
9.919504729319498e-10
9.49198979994261e-10
9.101736544766741e-10
8.735873852376588e-10
8.382636923822713e-10
8.03331908452856e-10
7.683640498301772e-10
7.334426829130596e-10
6.991564404592977e-10
6.665312740443948e-10
6.369105814605696e-10
6.11785360044798e-10
5.925997341092751e-10
