91.1409077547228
85.02015615619311
78.66219807065947
72.04051193361875
65.1253109376623
57.88301642059817
50.27577780319325
42.260477291514434
33.78815194135193
24.80241535657897
15.238149163024266
5.01950028885395
-5.942657318925582
-17.754029871202835
-30.541301700475184
-44.458035142477236
-59.69278054217625
-76.48045328846774
-95.11868880784608
-115.99193534977206
-139.6078555294215
-166.65390190513963
-198.0881592626012
-235.29103769402911
-280.3310230833104
-336.45849667828446
-409.0936972720964
-508.0005844462285
-652.7217900533317
-888.8835554794771
-1353.4149231825277
