1.272701217369732e-9
1.2685655210609104e-9
1.2674415762877775e-9
1.263942378560801e-9
1.262768354154651e-9
1.2597748659534197e-9
1.2553392592321414e-9
1.2518968005495079e-9
1.2462724330911468e-9
1.2411354316819614e-9
1.2329330758943249e-9
1.2238670328911367e-9
1.212377097907308e-9
1.198659218036401e-9
1.183061492955601e-9
1.1647668938053601e-9
1.1440669282825494e-9
1.1244149995643858e-9
1.105118893948378e-9
1.0870414337796378e-9
1.0731859753470772e-9
1.0619977339283013e-9
1.0548666249991082e-9
1.0512243787779154e-9
1.0513623646388942e-9
1.0528434688993374e-9
1.0569157684221076e-9
1.0616249085616155e-9
1.0667901574802785e-9
1.0715196439836556e-9
1.0747437759207981e-9
