0.0029921597270003986
0.0073102290225506295
0.010229672585410299
0.014289084772826754
0.017725424673699308
0.025465356438871822
0.030151197200211755
0.002335445731660002
0.0025752860206011974
0.0025744582771949354
0.002831720259393933
0.003013699588406027
0.0031130513227708434
0.003025048235031136
0.003110979740085895
0.0031236151062330464
0.003125404007732868
0.003256753294408554
0.0033031505954568274
0.003284887621703092
0.003255618954426609
0.003347174366354011
0.0034798486158251762
0.003608755738241598
0.004029237199574709
0.004804185824468732
0.006126718362793326
0.00806557189207524
0.011952032102271914
0.021140476688742638
0.04761567059904337
