3.711438443702197e-9
3.660596660302037e-9
3.60549882894716e-9
3.545944191730245e-9
3.4817636913989153e-9
3.412822800273823e-9
3.339038525831356e-9
3.260380445824977e-9
3.176844493623014e-9
3.0886196980495833e-9
2.9958712360859903e-9
2.8988846006697214e-9
2.7980349983551903e-9
2.693784522883109e-9
2.5866724195955188e-9
2.4773013062869376e-9
2.36631475479795e-9
2.2543755441901105e-9
2.1421397052985407e-9
2.0302372929888827e-9
1.9192704782230343e-9
1.8098338537027798e-9
1.7025568625529172e-9
1.5981791420349438e-9
1.497632170445468e-9
1.402121148020087e-9
1.3131738622926437e-9
1.2326343572812074e-9
1.1625827747647711e-9
1.1051801675187506e-9
1.0624596837454005e-9
