5.823331959227961e-9
5.7724839325789525e-9
5.716916272708037e-9
5.65626966362248e-9
5.5901562765661595e-9
5.518219018799523e-9
5.440019953028932e-9
5.355103268470154e-9
5.2629850759065845e-9
5.163094063768484e-9
5.054792428860107e-9
4.937375276375248e-9
4.8101393008358655e-9
4.672524727564471e-9
4.524382497936402e-9
4.366335178416263e-9
4.200123458289792e-9
4.028689703828918e-9
3.855872639755407e-9
3.685761478114792e-9
3.522031883710663e-9
3.367534273672224e-9
3.2242138548918642e-9
3.093248199136461e-9
2.9752738231811454e-9
2.8705956656537386e-9
2.779363364600779e-9
2.7016843505904993e-9
2.637696989444534e-9
2.587586911472097e-9
2.551573157446882e-9
