0.03549842519414062	0.018065067054169635	1.5861662424375655e-27	0.03134571616205205	0.02887625435745546	0.019121391098085503	0.02110157596346328	0.029278205580300892	0.029433459051755206	0.01915036931334281	0.01922369559694487	0.029432878304226726	0.02926353371199777	0.019215928493486696	0.01915219852889189	0.028886662435981703	0.03149399744182481	0.0210850446186017	0.019124756135961606	0.0353358921574192	0.00012673642082437233	2.4817616134422127e-25	0.018073237724842792	7.156822794261425e-23
0.03897886915456791	0.01966655921474492	5.603396025972886e-22	0.033993889325577904	0.031107148201664256	0.020977674718730965	0.02330362554235477	0.031621747487399335	0.03181787297615366	0.021013082352213035	0.02111038483439999	0.031817175706083556	0.03160293349464754	0.0210995024077968	0.021015841611103633	0.031121342430047154	0.03417549485554521	0.02328248120663761	0.02098222378085867	0.03877747740491924	0.00015446859808761313	4.762411257539716e-19	0.019668554076335085	3.517114112647494e-18
0.04281953693070486	0.02140666173298739	1.491508838019837e-24	0.03683186694423992	0.03346627359874094	0.023037178815404086	0.025762701414708506	0.03412395374800542	0.03437077200908148	0.02307976266850887	0.02320871374393788	0.0343700105935119	0.0340999232467873	0.023193067529580752	0.023083912653067185	0.03348567859689552	0.03705496141184175	0.02573615247638411	0.023043270375758238	0.0425693556134719	0.00018864533208818001	2.617319764140106e-18	0.021398084568175768	2.4778790493314557e-17
0.04705344780138147	0.023294183640077647	7.089232706068302e-23	0.039858895847771615	0.03594815349130539	0.02532527791036584	0.028509856586961552	0.036786534840667795	0.037095780527590216	0.025374920463133038	0.025545679427547985	0.03709497632878089	0.03675605382781403	0.025522935515741283	0.025381468158850354	0.03597479937242415	0.04013381172319331	0.028476497507070098	0.025332826735863914	0.04674198273696189	0.0002308098228015596	2.9186998936624294e-19	0.023268825965278433	1.5256524612925386e-17
0.051715109832157005	0.02533873655254215	2.533343405647292e-22	0.04307003462640528	0.03854465173758423	0.027870471390521907	0.03157951607938284	0.039609839386543166	0.03999498484489242	0.02792685348007837	0.028152641749311407	0.0399943494893248	0.039571286331567083	0.02811930009284072	0.027937099320928558	0.03858091714479823	0.043409545780504225	0.03153676707328454	0.02787992202804318	0.051326734913965326	0.000282876073033784	3.972652939589818e-19	0.025286224172371342	6.18884244801191e-18
0.05684045716710224	0.027547563792289106	2.631678833147226e-22	0.04645419597849737	0.04124365205994346	0.030706698235281896	0.03500699528523959	0.04259202690106878	0.04306867370619907	0.030768165124415117	0.031064935434744104	0.04306856241256733	0.04254377420800182	0.031016790953265816	0.03078402850055366	0.04129343400156332	0.04687494169989344	0.034953478882329865	0.03071842191224374	0.056355325611055995	0.00034720891415127725	2.53609587890574e-18	0.027455191639712582	7.908300326787018e-19
0.062465965425204335	0.029931248772530637	2.847655309117989e-26	0.049993990630073495	0.0440304997603738	0.033874251348167905	0.03883266769584914	0.04572962114586473	0.04631493004015195	0.03393666963463791	0.03432449887785676	0.046316025050383285	0.04566990653966756	0.03425477335602468	0.033961058993947746	0.044098791819072426	0.0505170342298617	0.03876590031004539	0.033888750956738205	0.06185939918388576	0.00042673526226006666	5.2944280469453924e-18	0.029779350845110776	1.0182875157232928e-18
0.0686286489478455	0.032499153465727355	1.4153153440714618e-22	0.05366410044964745	0.04688723084631224	0.03742046281711644	0.04309807375240705	0.04901702552373869	0.049729346886224816	0.03747834031362294	0.0379779396094304	0.04973382651211169	0.04894550622802488	0.03787865477127461	0.0375141610684798	0.046981213956071	0.05431607070629445	0.043015966125340435	0.03743836941873617	0.06786980212592117	0.0005250599761760153	1.2805843882521491e-18	0.03226030905179049	1.15565348386917e-18
0.0753654413692683	0.03526230520843838	9.968429077604607e-22	0.05742962144455402	0.04979270399449964	0.041405021819298275	0.047846978278109215	0.052448616309025836	0.05330697250744817	0.041437631181355156	0.04208045764190539	0.05331551235158888	0.05236229545006373	0.041934990208150634	0.04149262798340585	0.04992206543625734	0.05824528538092933	0.04774635098093278	0.04142028972516123	0.07441570276230348	0.0006466337785239311	1.33615205962338e-17	0.03489657950053574	7.830041205974175e-20
0.08271208491144172	0.0382296565990412	8.1426953405283e-24	0.061246845867586226	0.052724403461135175	0.045882895630790406	0.053120762180841156	0.056014066829083435	0.05703583692297511	0.045866911280731684	0.04668330303764862	0.05705262916827947	0.05591406002224392	0.04647583033079391	0.045950485465145054	0.05290179542314704	0.062269628769186666	0.05299937103809822	0.045896662494261664	0.08152393571327037	0.0007969364211744458	4.225453252337122e-17	0.037683515207112224	1.4017307282139048e-18
0.0907030248699719	0.04141218635872405	4.307709038936741e-22	0.06506053734248728	0.05565758107020827	0.05092995482372496	0.05895824366825089	0.05970472772278185	0.06090473349991243	0.05082316005594089	0.05184640058686028	0.060935545737789525	0.05959375750713305	0.05155253036611459	0.05094940096310867	0.05590051024047938	0.06634614343261255	0.0588139989775564	0.05093774821598351	0.08921776387380895	0.0009826752584011084	3.700860231743418e-18	0.040611895559408015	2.344505585070794e-23
0.09936994208270557	0.04481952608224311	3.282552760962639e-26	0.06880552080588771	0.058567079873485764	0.05662545558982592	0.06538972720933237	0.06351098083506199	0.06489877881570989	0.0563612785490176	0.0576242723953126	0.0649526722700947	0.06339598990865024	0.05721132646121353	0.056550473793160104	0.05889918855396509	0.07042438890760326	0.06522121815044071	0.05661895856015428	0.09751555031494064	0.0012120839821421847	1.8722127814381405e-19	0.04366646205000309	2.2370439228685944e-19
0.10874059242650515	0.0484580700313133	1.713719606712851e-24	0.07240813136846079	0.061428106969756986	0.06304986821291947	0.07243146687820276	0.06742395377787896	0.06900083825195395	0.06252711638065428	0.06405926920631266	0.06909148755228636	0.06731873115104745	0.06348478261139846	0.06280801718384144	0.061880856310745525	0.07444821536538238	0.0722386247372502	0.06301479143442879	0.1064291559348299	0.001495145417124187	5.8495407031384915e-18	0.046823412979480075	2.0711985105385342e-19
0.11883697017933757	0.05232793876075219	2.0103015339122153e-24	0.07578955517780073	0.06421724567712783	0.07027760590856752	0.08007843085276162	0.0714368980769249	0.07319220163644354	0.06934811055540455	0.07117109668860677	0.07333986358220741	0.07136570623039849	0.07038193477530186	0.06976022899728433	0.06483199589002808	0.07835864093639582	0.07986354279318746	0.07019033005031318	0.11596203501732336	0.0018439153110844752	6.0321534623128394e-18	0.05004925736810402	2.4923909442596224e-18
0.12967282072682487	0.05641816103300316	7.558587790720827e-25	0.07887163582503745	0.06691348641205835	0.0783634478835809	0.08829773331039742	0.07554673065823209	0.07745361326878546	0.07681893341701986	0.07894311741849087	0.07768705739903672	0.07554889675150889	0.07787555977681478	0.07741518737321199	0.06774347272746624	0.08209821571516597	0.08806629412335523	0.07818676356352422	0.126106418579755	0.0022727175907497855	1.7104270783191506e-18	0.05329891105461345	9.376936163970643e-20
0.14125035057148388	0.06070123926118875	1.0474977586900857e-23	0.08158486207213776	0.0694991431100914	0.08732621826840223	0.09702345287323393	0.07975574500805474	0.08176653679696294	0.08488709204773859	0.08730929233459184	0.0821251611653718	0.07989086202213518	0.08589085862815275	0.08573624914560475	0.07061096505253327	0.08561668170885844	0.09678514831756257	0.08700414083639706	0.13684016469318297	0.0027982234897824154	6.262067166282062e-18	0.056515813794051115	3.4728434211123466e-21
0.15355596907767552	0.06512846987035228	1.4661147332826934e-24	0.08387744504249361	0.07196073132787921	0.09713265743342683	0.10615631510479992	0.08407268851139194	0.08611399830158133	0.0934427278838346	0.0961462823470514	0.08664952508086184	0.08442559575346134	0.09430036643527674	0.09463076905230285	0.07343469296162439	0.08887645129052485	0.10592613493733424	0.09658466822977542	0.14812303603551338	0.0034392112598742616	5.452530932148326e-19	0.05963440030300583	3.819038496035947e-20
0.1665556103059889	0.06962835889515039	1.8099065042356748e-28	0.0857233494179267	0.07428969284770852	0.10768704601911931	0.11556962354539924	0.08851253440651799	0.0904806024520842	0.10231778659594676	0.10527560619323512	0.09125806329832134	0.08919687606825526	0.10292822109986323	0.10394814852605418	0.07621849075053329	0.09185701733070493	0.11536858819624285	0.10680309330257047	0.15989316245938812	0.004215949305429129	6.709198704978189e-19	0.06258610876927632	1.1768578074480162e-21
0.1801900526434193	0.07411069057576185	5.0037787733898084e-26	0.08712652354809729	0.07648284852471424	0.11883326841564172	0.12512083346727293	0.0930941656135258	0.09485133712468183	0.11129944673422103	0.11447898337994811	0.09594888036603065	0.09425311271067485	0.11156676025381061	0.11349157232530288	0.07896819278754308	0.09455622472042452	0.12497594282453516	0.11747051969720514	0.17206410654856727	0.005148989549325917	2.312155092200788e-19	0.06530799827112573	2.042247971069332e-21
0.19437108481335377	0.07847572187943351	4.155773511406507e-28	0.08811955123046762	0.07854231933327067	0.13037016273889282	0.13466540927488985	0.09783564634472898	0.09920889941194164	0.12015586014280302	0.12352393894201553	0.10071649207615889	0.09963880664946322	0.12000161336311187	0.12304195726659789	0.08168993311586892	0.09698793533337983	0.13460882384045347	0.12835312994479364	0.18452359621048395	0.0062575092855776246	1.9962000436176466e-19	0.06775196759446317	9.938652317573822e-22
0.20897886572833121	0.08262652566123005	1.7321122086596069e-25	0.088757115509781	0.08047475570058514	0.14207601674069598	0.14406787522148715	0.10274758851768642	0.10353069039386878	0.12866691844149203	0.1321926708221827	0.10554756617447321	0.10538376970771657	0.1280379291341266	0.13238703863837403	0.08438840022395329	0.099176819295359	0.14413507541593643	0.13920097122430186	0.19713406389430957	0.007557061563245634	3.3462428548483047e-20	0.06989145811780766	3.227145784176088e-22
0.22386061612702607	0.08648042840178509	1.8484731806546128e-25	0.08910657328849071	0.08228990599183988	0.1537327150012611	0.15320687446506007	0.10782584680180032	0.10778633746937233	0.1366501038174349	0.1403051948945221	0.11041718861277734	0.11149199944949426	0.1355198475650085	0.14134538749707118	0.08706529302821751	0.10115195191276291	0.15343409175150444	0.1497768460340399	0.20973500641547338	0.009056774654876518	6.711301061563906e-20	0.07172331295273855	4.344676717902417e-21
0.2388301866220037	0.08997631205271552	2.006316061429863e-25	0.0892386997384728	0.0839985255327991	0.16514105940794233	0.16197407699025834	0.11304470445512524	0.11193658989336522	0.14397440230669656	0.14773166227997053	0.11528633478766565	0.11793179280105374	0.14233910985134293	0.14977845423139677	0.08971768879060234	0.10294131613924606	0.16239531538829105	0.15987646932838523	0.2221467839415152	0.010756221925017703	2.452013982933539e-21	0.07326469117957096	1.0067533531895198e-22
0.25366832834216474	0.09307685124214428	1.284915196469823e-28	0.08922052006318182	0.08560990993471611	0.17612427267270075	0.1702697794093651	0.11835168370689825	0.11593389276199853	0.15056131688093832	0.1543935745646162	0.12010064094542328	0.12462840338516001	0.14843386173290574	0.1575897721427812	0.09233605069456688	0.10456790544479816	0.1709137922323412	0.1693360549510075	0.23417549306145136	0.012641794122463735	2.5666399085002452e-20	0.07454653567977522	1.0018469384462353e-23
0.26812407233911306	0.09576675799860422	5.345708247698947e-26	0.08911074310940043	0.08712929927518681	0.186522553042658	0.17799864579641514	0.12366477189694383	0.11972422694417373	0.1563767659070624	0.1602571258519986	0.12479039085709623	0.13146032100838317	0.15378116478926063	0.1647154646513663	0.09490178120159287	0.10604764526170406	0.17888620996426605	0.17802992397986112	0.24561879340077292	0.014683049401160959	5.614255880166611e-22	0.075605942541481	1.899776580627718e-24
0.28191802382967013	0.09804883879456551	3.9027081874654535e-29	0.0889572657383372	0.08855539203389805	0.19618441888939345	0.18506785010005286	0.12887274060711743	0.12324968242480078	0.16141892315268214	0.16532260209898897	0.12927164105076466	0.13826035270269382	0.158387079314568	0.17111188756710366	0.09738467981049329	0.10738858298099807	0.18620961242037123	0.185863046128658	0.25627280307716355	0.016829654915011847	1.672726714396109e-22	0.0764795408544781	3.9113579309254464e-31
0.29474886138993356	0.0999394449400768	4.851352869303471e-28	0.08879606577773418	0.08987846072931417	0.20496032422364116	0.19138815532996642	0.133839181262468	0.12645130492734183	0.1657060408218467	0.16961278990136497	0.13344885737620715	0.1448227007351124	0.1622766671915899	0.17674494230752963	0.09974109298936801	0.10859096123878752	0.19278320349914607	0.19276307992123792	0.2659400097411451	0.01900988266073997	3.040157678993424e-23	0.07719879493144674	4.6574319840181635e-32
0.30630398329621844	0.10146396645461939	1.0395227248127185e-25	0.08865109938007289	0.09107950073788479	0.2127015836379137	0.19687703207885293	0.13841041621596922	0.12927189766807518	0.16926633387597495	0.17316227290559041	0.137219316647058	0.15091627458924098	0.16548503759186245	0.18158341018411253	0.10191384327601925	0.10964792398557463	0.19851231408599973	0.19867462150968976	0.2744376199648586	0.021131848283255386	1.2050575672114174e-24	0.07778750742607124	1.1798412648991564e-31
0.3162742641197122	0.10265264809324134	2.367384667108027e-25	0.08853517281287598	0.09213105760329524	0.2192646472974742	0.20146242508339712	0.14242668910069195	0.1316586724102786	0.17213055030614932	0.176008622040756	0.14047921917850512	0.15630293745675633	0.16804998185537215	0.18559649320560612	0.1038348749592078	0.1105469026084652	0.20331304991722857	0.2035558479869602	0.28160540412096496	0.023088405781470756	1.302138074483105e-28	0.0782612221636253	7.172790629148742e-33
0.3243719190439239	0.10353671123088257	1.8365589462700928e-26	0.0884519067151283	0.09299999422161365	0.22451880523469295	0.20508569268097182	0.14573513039909097	0.1335655913995323	0.17432709946250724	0.1781861657818481	0.14313096793858957	0.16075779710694377	0.1700064938328783	0.18875450740987532	0.10543093008538398	0.11127169427737703	0.20711603211016788	0.20737665295263202	0.2873115673929241	0.024765999877571814	9.210037575012779e-25	0.07862815298235447	1.0951168140498517e-32
0.3303492516162455	0.10414476538138508	2.512434365689894e-26	0.08839865860899061	0.09365198481246247	0.2283544080231567	0.20770289165921263	0.1482025418283015	0.13495524975271916	0.1758792410408739	0.1797224056315362	0.14509041407609616	0.16408791041718213	0.17138329768097127	0.19103112105614753	0.10663154935062885	0.11180516281125435	0.20986835573850582	0.21011704090702044	0.291455705969482	0.026056559145306003	3.032425200942726e-27	0.07889108732790052	3.591376643276481e-32
