9.794138447156754e-10
6.901106958051319e-10
6.954053411529053e-10
8.453643013830686e-10
1.1221062871643452e-9
1.2139421157576636e-9
1.322143909233233e-9
1.1518136020120164e-9
1.1485527329219997e-9
1.2427407270907582e-9
1.3750900172911145e-9
1.3976803029697676e-9
1.325691930855059e-9
1.4646541662342827e-9
1.5093879220508048e-9
1.6374609909845913e-9
1.388354368908527e-9
1.4831186680419289e-9
1.3032947348365516e-9
1.324319069624472e-9
1.1469244082482292e-9
9.667713735310927e-10
6.44021801341252e-10
4.967402141968031e-10
4.958580092867071e-10
2.7852406803204387e-10
2.623958416392476e-10
2.2397643878060097e-10
1.4494046507572711e-10
1.4695004793320245e-10
2.1294640210080116e-10
