57.287337179545396
53.804361315408876
50.194712562359655
46.44384545447792
42.53540537542866
38.450966811444836
34.16965528048576
29.66792199336738
24.918788137625516
19.891342662718444
14.549875403940405
8.852798653676842
2.7512388027305406
-3.812815043876551
-10.908974098828784
-18.62176543061492
-27.055164447774587
-36.33890499320978
-46.63745752514516
-58.163122745545024
-71.1956805749669
-86.11283564084886
-103.43912680142262
-123.92780227155545
-148.7046435795782
-179.53576167320173
-219.36393211851828
-273.4891493587497
-352.5202787448652
-481.2296665192698
-733.970232388494
