209.64226354513121
194.29411482180603
178.3234986774769
161.6624509163894
144.23472698507692
125.95454742216361
106.7247417401129
86.43532403636313
64.96084834849381
42.15642985127031
17.854364561657007
-8.141341323532608
-36.06169964592323
-66.18136543280296
-98.82970044843705
-134.40528882736479
-173.39576020918912
-216.40626340281847
-264.2019022799369
-317.77176291286605
-378.4259786626745
-447.94532197739454
-528.8193351614275
-624.6420778013763
-740.8042034606102
-885.7785254796622
-1073.6922167343355
-1329.9874691715604
-1705.5757213774364
-2319.3034073314707
-3527.8177411191477
