2.1094721621742925e-23	0.0352420782856773	0.9770287635954185	0.022707821811911638	0.03148709839269039	0.02988694288387431	0.9401758572509826	0.020534169309666596	0.029256041683292627	0.030686616135768542	0.9400035959576034	0.020481621367986005	0.02937224836988672	0.030677441810163596	0.9398282359517484	0.02045197056205891	0.02936857130230963	0.030690040037990845	0.9398053847301018	0.02044481387657652	0.02936935726257477	0.0306923369098584	0.9398096790002834	0.020432955820947955	0.029366579039922798	0.030700434967809102	0.9398595393259231	0.020377382675484567	0.029420298097904276	0.030597394838848498	0.9401065952700998	0.02011651929915435	0.028870323456713427	0.03296770518917453	0.9421579605915285	0.017970546996409594	0.03537174301413139	4.1048435202008484e-22	0.9589563541812222	2.0919067976240067e-21
1.582952057171935e-19	0.03866807164545259	0.9743993013426341	0.025280005523025607	0.03416621598634522	0.032307396305745424	0.9341817201589425	0.022714842139828655	0.03159360203322564	0.033337805470457796	0.9339018429333246	0.02264521159900372	0.03173443856510581	0.03332711955977811	0.9336761848545357	0.022603450883228397	0.0317305091201277	0.03334627555440962	0.933643809999485	0.022591735425762646	0.03173156634575767	0.033350161589944374	0.9336507584324455	0.02257358383605459	0.03172755881373065	0.033361100280953855	0.9337209284557595	0.022494478046193495	0.031801660330685086	0.03323908740714964	0.9340408495084384	0.022155698309888203	0.031099292074880762	0.035990873833309685	0.9365103764633818	0.01955583025051607	0.03882451711293157	3.4692273133619745e-18	0.9547313299305568	2.847485037015777e-19
1.6448115642640133e-21	0.04244214646296445	0.9714026506452652	0.028206029071814635	0.03704226676749148	0.03489213969861844	0.9275056364847771	0.025184076222485075	0.03408804753063071	0.03621975544392384	0.9270727418213642	0.025093126830003025	0.034257003049280484	0.03620855697779228	0.9267805298882361	0.025035179161956085	0.03425329905923744	0.03623822547466866	0.9267335126968044	0.025016546729461835	0.03425486829945895	0.03624496299289534	0.9267442158406183	0.024987483615536734	0.03424916029590725	0.03625963240991989	0.9268439361472222	0.024873351467807562	0.03435109613767391	0.036116976171980966	0.927260628434771	0.024431533465652362	0.03345587140551985	0.03930063096300321	0.9302369907379907	0.02127731041231275	0.04263108279173807	6.978092736171968e-19	0.9500054269089719	3.454696043638235e-18
1.857132866502127e-23	0.04659469156079084	0.967978165682671	0.03154325114455423	0.04011637766341733	0.03764158003542412	0.9200631583210782	0.027988911374898857	0.03674094717465244	0.03934987340148315	0.9194192922503043	0.02786978427631216	0.036941083264800875	0.03934009418926679	0.9190410378723403	0.027789152784545083	0.03693856201153354	0.039385981613197445	0.9189726754224311	0.027759480290566317	0.03694087436421666	0.039397871241269755	0.9189888756423648	0.027713667021053795	0.036932850564389504	0.03941718319894323	0.9191301030977621	0.027549556287935217	0.03707252570572613	0.03925376748229916	0.9196727360502682	0.026973193972557364	0.035934379279429836	0.04292226642064786	0.9232603466921108	0.02314292942227991	0.046823024798419356	7.115233365615286e-20	0.9447127660092142	1.0416826919424679e-16
8.354906271245526e-25	0.05115705225177113	0.9640553438272887	0.03535807696574724	0.043385544067779475	0.040554216703872444	0.9117576665424821	0.031188596973066453	0.039551918594583006	0.04274864046969995	0.9108236008788596	0.031033932221934235	0.039785321436548934	0.04274413616619007	0.9103324642858436	0.030921735574812672	0.03978572286442724	0.042814829746175696	0.910233408919266	0.030874536279471277	0.039789116874106384	0.04283550452913636	0.9102576976354089	0.03080245854187573	0.039778031150923314	0.042861579184457564	0.9104568494168084	0.03056644611280638	0.03996853037750081	0.042679642512337454	0.9111633590461192	0.02981486371685788	0.03852614354762847	0.04688616270200791	0.9154863926036156	0.025161324995952097	0.05143307982329836	7.190017110788007e-18	0.938774091628725	5.996411745773952e-17
3.2855920556820093e-16	0.056160968048972755	0.9595391074441318	0.03973941777319646	0.046842165549328664	0.04362716712117838	0.9024648002622102	0.034861936865202586	0.042518578416191825	0.04644006033376971	0.9011387502840866	0.03466216286378497	0.04278552887934646	0.046447727112585685	0.9005009354304041	0.03450551123291642	0.04279177352175314	0.046556496144293025	0.9003589768817372	0.03442955683671617	0.04279681198398054	0.046592213161724454	0.9003959628904273	0.03431580313947958	0.04278179909920089	0.04662753417820324	0.9006765076086274	0.033976097780951155	0.04304023987462694	0.04643249210265425	0.9015969943294719	0.03299587350080139	0.04121922796741913	0.05122754471348437	0.9068037019621977	0.027340905825647573	0.05649476776512117	5.260709654042942e-18	0.9320965711640601	1.6499175704095185e-17
1.6919333802372928e-19	0.0616386668086557	0.9543264585245401	0.0447847220962191	0.050471094845087994	0.046853985999414385	0.8920505350792871	0.03910416305985364	0.045637380108499555	0.05045232429985122	0.8901896281867268	0.038849825568479344	0.045935054236989126	0.05048473639680384	0.8893588298689807	0.038630207770679506	0.04595117961432722	0.05065126488866775	0.8891593645866996	0.03850842922486988	0.04595871569195788	0.05071242885254662	0.8892163174287147	0.03832935410897535	0.045938883416971193	0.050761045116556075	0.8896105415527119	0.037840598945757545	0.04628720996147623	0.050563179084818916	0.8908098901591249	0.036562396799233864	0.04399844377450948	0.05598971925247098	0.8970765485615118	0.02969075367733406	0.06204201495497376	1.2411760653919021e-19	0.9245695051142098	7.167618611890171e-18
6.008532769718456e-18	0.06762158375042093	0.948283712246513	0.05061836063797862	0.05425156869874877	0.05022634227832411	0.8803565416534151	0.04403153663225772	0.04890090474385666	0.054815476851900885	0.8777838953197991	0.04371321691483616	0.049221649657443335	0.05489441559579083	0.8766904313584396	0.04341143302741482	0.04925692359112692	0.05515178569340958	0.8763972795182686	0.04321921998117966	0.04926786624961746	0.05525642347947256	0.8764780318221019	0.04293909577361523	0.04924252159084011	0.055324564819254816	0.8770285497979529	0.04223595531170177	0.049708834064340186	0.05514059341266972	0.8785962970574257	0.04056727912969846	0.046845387696701934	0.06122795375605735	0.8861382113371504	0.032220009264824365	0.06810864258179836	2.2132287600340136e-20	0.9160592355779104	2.5469074502391904e-18
1.785533656825933e-19	0.07414021433820331	0.9412469406658958	0.05739277127944422	0.05815387457372372	0.05373419628425755	0.8671880992280417	0.04979631319956995	0.05230149464813929	0.059567441806180975	0.8636750702281204	0.049403336307597426	0.05263128838320764	0.05972666515109737	0.8622390725827481	0.04898484777813888	0.052696537480252784	0.060120395302061536	0.8618222679024643	0.048680876215744275	0.05271258217997642	0.06029686892803507	0.8619396596825473	0.04824464870594461	0.052681542152630774	0.060394782580816424	0.8627030321148708	0.047237316044356915	0.053300349786574636	0.060252470364244706	0.8647428022950204	0.04506609405599337	0.04973926451608246	0.06701184197606339	0.8737981173509848	0.0349371833130525	0.07472761485311279	1.147529133953931e-20	0.9064090213875158	4.578122668607691e-19
1.1352016815802179e-18	0.08122338445059057	0.9330146431943287	0.06529429050090974	0.06213912994171313	0.05736509863935265	0.8523170866408665	0.05659002904396488	0.055829581107847914	0.0647521390897152	0.847572548685071	0.05611428309359001	0.05614521242883204	0.06504512384940714	0.8456833728439399	0.055534554052150964	0.05625767632421176	0.06564483026148	0.8450953293481098	0.05505716477951072	0.05628112810400522	0.06593925702753971	0.8452629456539915	0.054382554528169175	0.05624517071788898	0.06608358489555397	0.8463128453295361	0.05294446873165629	0.05705867026194928	0.06602364044700337	0.8489607553701685	0.050125631881447356	0.052657105936964634	0.07343544525677353	0.8598122832393437	0.037852461591184584	0.08193051982126402	8.674144954105131e-22	0.8954260428355292	8.3259922304669525e-19
1.928456225955086e-21	0.08889751031131678	0.9233413075605489	0.07454839328195588	0.0661586499876705	0.06110418560026611	0.835479157984596	0.06464817339153776	0.059475058896902626	0.07041884805954392	0.8291427953237518	0.06408410328000376	0.059741517681713784	0.07092654012039355	0.8266575041077833	0.06328134954283625	0.05992618994740122	0.07183415404128451	0.8258363664284176	0.06253844875679114	0.059960123068403245	0.07231907326701052	0.8260707585829827	0.06150536477517337	0.05992172977205047	0.07253727508654054	0.8274998054206262	0.05946327137350599	0.06097990394770764	0.07261845489669463	0.8309230694727577	0.05581661160055288	0.055575033088173666	0.08062170097754075	0.8438930244259817	0.040976017128647034	0.0897466097337947	2.3383610395410874e-21	0.882881569062594	2.3832984610674847e-19
2.252320239980321e-21	0.09718564452412701	0.9119349460220945	0.08542058106402219	0.07015417696909164	0.06493337548419427	0.8163798889645706	0.07425089619097955	0.06322935302100396	0.07662061354258864	0.8080193802850674	0.07359468203511647	0.06339689391003529	0.07745994199614074	0.8047594357097835	0.07248326934623081	0.06368878528015798	0.07882059715982129	0.8036291778520853	0.07134130390976856	0.06373699571939158	0.07960598015202852	0.8039491320838864	0.06977990518311104	0.06370106542358843	0.0799421136855121	0.8058683383125901	0.06690310450731278	0.06506106982898888	0.08024748477230917	0.8102646967202309	0.062211422722847055	0.0584694604744582	0.0887284093154288	0.8257090561415413	0.044317918933102475	0.09820197423473366	3.693644631531903e-19	0.8685107706916508	5.875722867354264e-20
2.1472298207584078e-22	0.10610641428360526	0.8984680056838408	0.09820419214101087	0.07405956774440474	0.06882966448411243	0.794720636470978	0.08570431345159119	0.06708858279414151	0.08340741009713672	0.7838433023951359	0.08494841566751762	0.067090101675639	0.08473784522852626	0.7795981216385129	0.0834106583210262	0.06753683092438882	0.08674949274886683	0.7780722372827803	0.08168397622399402	0.06760332833727252	0.08799504311152702	0.7784967504700819	0.07936572578692566	0.06757753713508964	0.08851726192043165	0.7810298753984882	0.07535981047771963	0.06930176793840528	0.0891627634121544	0.7866176358827914	0.06937489870117744	0.061318458251006486	0.09794613661732109	0.8049081015304287	0.047886651550440605	0.10731735580583199	5.194033495381778e-20	0.8520247295263341	3.7576462091549335e-19
1.226586305887754e-23	0.11567214114113822	0.8826071733878749	0.11318978994968698	0.07780498624388298	0.07276122747686488	0.7702499684172334	0.09929804612091303	0.07105921048083368	0.09081160787995105	0.7563383632917179	0.09841785897068728	0.07080814889614338	0.09283384590574353	0.7508822182427869	0.09629478199685616	0.07147202215247933	0.0957502718409762	0.7488763826613734	0.09373923097907089	0.07155940442653294	0.09767416494360892	0.7494217741304101	0.0903765820495516	0.07155388812500174	0.09848246515017853	0.7526921026316916	0.08488838034141735	0.07370578495969651	0.09962899505125117	0.759685633648519	0.07735035502451737	0.06410281634433304	0.10847975253119188	0.7811715145832094	0.0516862440692777	0.11710649923903135	9.143991591919075e-19	0.8331456317372169	4.073063189986747e-19
6.10785490088604e-23	0.12588576149304417	0.8640834315146014	0.13059689749280268	0.08132474576909633	0.07668300413824425	0.7428597668973642	0.11521563983257889	0.07516562481789553	0.09882737043098917	0.7254407224450685	0.11414487946115852	0.07455469011149138	0.1017666877195457	0.7185687045979283	0.11122940453665055	0.07551373477130888	0.10588466142365331	0.7160246260865135	0.1075481970882159	0.07562017139355186	0.10876121996737903	0.7167013514905015	0.10281301554729252	0.07564586954837973	0.10999103951546584	0.7208085121021225	0.09545705938106552	0.07828315794832254	0.11185971340583512	0.7293735322068102	0.08613576367558537	0.06680695060757602	0.12050261962388603	0.7543160743232791	0.05571076247135059	0.12757191269679075	1.091818182371433e-19	0.8116751679773685	3.8211884858001286e-19
2.8753053280049277e-24	0.1367363721548148	0.842797644238163	0.15047416392192928	0.08456822292894581	0.08053232824058704	0.7127085942240976	0.1334104896148952	0.07945720622202683	0.10738357046345659	0.6914566468076113	0.1320083495232522	0.07835757612236412	0.11145077942710564	0.6830395000705609	0.12804695805434468	0.07970487411716197	0.11707272515978737	0.6799602770280331	0.12291630056116253	0.07981929912699845	0.12121000317510218	0.6807708622697309	0.11648471902305249	0.07988506667680267	0.1230257097370986	0.6857608863760152	0.10689730723547308	0.08305052058087084	0.12591315566600705	0.6959523888484932	0.09565785318142825	0.06941842539315378	0.13407822995826077	0.7244353057381421	0.0599373539959837	0.13869966678513349	3.1178488470559823e-21	0.78759637351692	1.795904693922985e-18
4.695121274420817e-22	0.14819315633004498	0.8189318399417272	0.17259791872404134	0.0875111554268667	0.08422929326018558	0.6803217519189387	0.15349246566839186	0.08401071189143512	0.11632579835035142	0.655172836893786	0.15151521366260887	0.08227097088965074	0.12165966088691252	0.6452150881896002	0.14622532156051016	0.08411149292499927	0.12903252632812337	0.6417019255812225	0.13934176854199912	0.08420777750562125	0.13472698428664479	0.6426414523710403	0.13096155937037673	0.08431724642690475	0.13729935755453196	0.6484808453951808	0.11887492459460076	0.088028819256811	0.14158476808132964	0.6601823906339492	0.10575570102471932	0.0719271881194866	0.14907275111060939	0.6920232824542492	0.06432037360759159	0.1504530048799897	3.709488065969779e-20	0.761173943099095	2.358131410207285e-19
1.4377841473171905e-24	0.16019953857750674	0.7930029410499171	0.19642965127235884	0.0901611939936529	0.08768553724913217	0.6465909162967647	0.1747035458296899	0.08892159792908291	0.12542411723710797	0.6178199262939567	0.17180146993112363	0.08636539815589821	0.13203521378299005	0.6064905424897229	0.16490863097741212	0.08881100115366972	0.14128372481447996	0.602761124058009	0.15604756791891	0.0888431019093393	0.14876264246605536	0.6038191808297965	0.1456071580395967	0.08899376604384035	0.1522310413794997	0.6103881533259532	0.13091761496351204	0.0932370083374299	0.15836338933336902	0.6232840372859001	0.116191649618028	0.07432420088709418	0.16510845788745854	0.657991141142872	0.06879115572797138	0.16276697002021978	1.969061952335071e-19	0.7329913395256858	9.213020530075579e-20
3.610710460705042e-21	0.1726694725285122	0.765801714467431	0.22118373753595785	0.09255339816739344	0.09082100477553849	0.612627696266706	0.19603903273550535	0.09428469711688325	0.13441450897226376	0.5808434100027071	0.1917939076791849	0.09070772535255993	0.1421596831172842	0.5684515888721764	0.18308215702755448	0.09387141344080305	0.15324413198299996	0.5648223083908357	0.1721458338853335	0.09377165307350063	0.16261917811587612	0.5659835780698405	0.15971368546905362	0.09395787815885506	0.16704937392038996	0.5730981856878479	0.1425096264889699	0.09868338550546506	0.17550867106453735	0.586704760439621	0.12669581118020648	0.0766012475119883	0.18160653411851574	0.6235167549609094	0.0732671107602639	0.1755457058027742	1.647188458717634e-20	0.7038738634757549	1.9580389513631008e-20
7.000909741872893e-21	0.18548726433823057	0.7382331552103159	0.24598562519806172	0.09473710726089485	0.09358125362468711	0.579529838494079	0.216471055453105	0.10017076389074552	0.1430559398887598	0.5455806648635971	0.2104671624582268	0.09533975847587237	0.15166002605086432	0.5324981332538113	0.19982681691608312	0.0993305149287626	0.16437960573814037	0.5293303676052367	0.18686265721385525	0.0990122322874431	0.17563200001167803	0.5305712022977768	0.17267849753526127	0.09923171133860081	0.1809864050479861	0.5380277387090695	0.15321283326822693	0.10435790342579349	0.1922257509302264	0.5517792603683506	0.1370247644098252	0.07875214838627526	0.19791089408260273	0.5897848945541625	0.0776663732244024	0.18866384311172954	1.0003953102529548e-19	0.6747235933048727	6.257730306181098e-20
3.4728092959365405e-28	0.19851016337867342	0.7111446316319574	0.2700361196786738	0.09676160626512738	0.09594698280229846	0.5481835116994842	0.23515609606292898	0.1066085784591867	0.1511733029827309	0.5130142496541955	0.22705759154043786	0.10026602400860134	0.16028785544294807	0.499578156213081	0.21451379345184896	0.10518452682128461	0.1743245808504666	0.49721003274607434	0.1996996760612293	0.10454850462132079	0.1873238534627107	0.49849225389720175	0.18412583382375838	0.10480930247668618	0.19345534385773394	0.5061143291263335	0.1627492181476102	0.11022830320943004	0.20784189724130123	0.5194679888132273	0.14700178148344728	0.08077461389896345	0.2134270941862132	0.5577572689433518	0.08192014791746717	0.2019701710378688	9.894805634005967e-20	0.646352927182967	1.9912643920184312e-20
1.0097530316507343e-23	0.2115720896937988	0.685219406820961	0.2927097676290501	0.09866665399746127	0.09793255075690242	0.5191817596128151	0.25153959910293866	0.11357615860722804	0.15866812160792734	0.483697186775939	0.24114579951802934	0.10545295151567183	0.16793953636889752	0.4701352734427314	0.22685977667337165	0.11138769270088014	0.18291872273527318	0.46882605752787987	0.21046744051144733	0.11033106906534176	0.19746017013391867	0.47009235181235515	0.19392510793112902	0.11065609454132419	0.20413012924457716	0.4777620126517474	0.17101342159373828	0.11624057046686795	0.22190226154808004	0.49028165364799847	0.15652193888747623	0.08267161497295838	0.22771078267108807	0.5280716741604311	0.08597747788205196	0.21529173199197832	6.130035544954746e-21	0.6193908184957966	3.7625475623295896e-22
6.400809775581609e-24	0.22448745544178808	0.6609508860995659	0.31357590900932136	0.10047892656402661	0.09957706493661075	0.49284826069430954	0.26535638668300954	0.12099865272804405	0.16550291963809646	0.4578189071807497	0.2526221204337678	0.11083466309450916	0.1746259006479949	0.4442197053222223	0.2368675615974645	0.11785768040889699	0.19017024768836113	0.44412217379792474	0.21921881931902346	0.11628402412998634	0.20601340679132935	0.4452972184425439	0.20213107126799773	0.11671111732109114	0.21292599572599025	0.452963473286267	0.1780321391006204	0.12232136780487815	0.23417446313116408	0.4643616186209366	0.1655297012580055	0.08445098297498815	0.2404891449754889	0.5010663045378763	0.08980282716706342	0.2284378014575572	5.184980320805836e-22	0.594271065699236	6.53511532277692e-25
2.692725085233847e-22	0.23705515288414625	0.6386670651192712	0.332373295031692	0.10221196557317414	0.10093311978227627	0.4693095713213011	0.2765761537168766	0.12874941506843623	0.17167617773393984	0.43532545872543554	0.2616003932379845	0.11631951909763452	0.1804230393896067	0.4216517481437376	0.2447234547750495	0.12448124140600626	0.1961902005726652	0.4228122384310651	0.2261496706205917	0.12231081488812616	0.21308845827382103	0.4238103865694783	0.20890029390840983	0.12288851852087718	0.2199314392526715	0.4314791058812738	0.18390726272199112	0.12838077265938724	0.2446024071136556	0.441619373251279	0.1739881738658759	0.08612327322255185	0.25163953667827627	0.4768638759000913	0.09337062296447438	0.24120369278032253	4.26355150681281e-23	0.5712669072075938	9.112740971956219e-24
7.973998903264314e-27	0.2490633087870401	0.6185706885207263	0.3489711771892978	0.10386724950493618	0.10205657840369924	0.44856896044998423	0.28533877130744206	0.13665322080533437	0.17720033195140952	0.4160300640345524	0.2683328607739574	0.12179499846552537	0.18542861053676007	0.40216010260348645	0.25070569854110847	0.13111818598973857	0.20113279054966343	0.4045367686725442	0.231515524034608	0.12829717892339496	0.2188523067967958	0.4052742105217547	0.21442330263113862	0.12907742676496314	0.22533641372118274	0.4129878813732887	0.18876920641736722	0.134314211398012	0.253249475593032	0.42186161959260193	0.18185489162536175	0.08769814127955164	0.2611526217614223	0.45545995293473074	0.09666001972226468	0.25337549575569746	1.8949623167681348e-22	0.5505376636893229	8.260560044891643e-25
1.5733739628107753e-27	0.2602952374087177	0.6007770725885362	0.36333341995165624	0.10543528542157528	0.1029984196676758	0.43056312800237656	0.2918983845418647	0.14449250637240843	0.18208788062830952	0.3996915502086609	0.2731458153984758	0.12713126869253658	0.18973340125017094	0.38547012237610656	0.2551222312332192	0.1376048660021853	0.20515585631829136	0.3889586643731612	0.23557937637095416	0.13411219875348526	0.22348627948579988	0.38936644995554653	0.21888425092632396	0.13514156044189019	0.22937751426320896	0.3971817308523828	0.19274849934023666	0.14000414328320393	0.2602515730952802	0.40487352380510033	0.18906985052297345	0.08917998248383974	0.2690964351428955	0.43678979383173094	0.09965115327793733	0.26473610591412555	4.081833065134003e-23	0.5321693844737484	6.700105821913488e-30
2.4992269030860452e-26	0.27053672746670443	0.5853440248260832	0.37548992990502555	0.10689671699483666	0.10379890915222989	0.4152000710356391	0.2965788344620846	0.15201808774812642	0.18634502156294	0.38606226978886543	0.2763955555690913	0.13218503882665122	0.19340745859218011	0.37134776135413106	0.2582751181638247	0.14375921544178863	0.20840026003179057	0.37580657705514636	0.23858602592459402	0.1396096455573878	0.22716046613424365	0.37584127135077344	0.2224438753523892	0.14092096430639936	0.23230201233565645	0.38380973346181924	0.19596292782543118	0.1453223024908143	0.26578362162097924	0.39046243325843194	0.19555522378682466	0.09056382740315136	0.27558627316083273	0.42077079341374213	0.10232287462693217	0.2750726455463601	3.561814079312364e-24	0.5162051225756878	7.855845243532235e-32
7.251314559915325e-24	0.27958427167784894	0.5722942488144073	0.3855141898557173	0.10822377959540838	0.10448409196061931	0.40238248969442675	0.29973693695406484	0.15896458251871698	0.18997051800849363	0.3749145230853552	0.2784378530630028	0.13680503225695412	0.1964965750394557	0.35961372080508647	0.26044214980466834	0.14938902537308715	0.2109820546085839	0.3648841737107917	0.2407522981530636	0.14463196188630145	0.2300232006444697	0.36453400983163486	0.22523634188551506	0.1462379166198907	0.23434574686676654	0.3726889904458417	0.19851383976367148	0.15013351902036853	0.2700365015167248	0.37847421605063697	0.20122297161329655	0.09183255565629223	0.2807604164582377	0.40732572648935694	0.10465159577445944	0.28418482604928674	4.75698080976029e-23	0.5026660439359132	9.1215185659285e-33
2.8634078734466343e-29	0.2872534545612121	0.5616312363127351	0.3935050170097535	0.10938247644150598	0.10506481706689938	0.39202098947617464	0.3017309175617131	0.16506918673515145	0.19295734377499169	0.3660533068576344	0.27960543570483826	0.14083970550525424	0.19902468169068765	0.35014074088336655	0.26186757006521505	0.15430358473874536	0.21299151757539325	0.35606111122739303	0.24226430805277233	0.1490180206425199	0.23219852775847508	0.35534705360907587	0.22737168489769996	0.1509077200484967	0.23571960587536453	0.36369736617919796	0.2004861603955632	0.1543018373202073	0.27320038480669245	0.36879394259123577	0.20598577340309454	0.0929565319658096	0.28476109634102403	0.39639277766650727	0.10661118782962664	0.29189328685485616	1.5728247149752247e-24	0.4915648044645615	1.5069526600561484e-31
4.5314871994827266e-32	0.2933864478593898	0.553349700614369	0.3995708059933081	0.11033579141184033	0.10553850014987114	0.38404039834996373	0.30289286655687714	0.17009124113857807	0.19529543620294126	0.359320757295251	0.28019059432050764	0.1441469474155945	0.2009992322083488	0.342843107239999	0.2627569074861968	0.158327259798575	0.21449538502991422	0.34925651903596305	0.24327664306850172	0.15261428029440063	0.23378677895782954	0.34822896694079397	0.22893892198392632	0.15475320442069324	0.23660138668264363	0.35675867798912075	0.2019490355773458	0.1576987836204697	0.2754516417573157	0.36133932214377457	0.20976709001812788	0.09389640331689132	0.28772022921278656	0.38792722186549267	0.1081741178317649	0.29804654920745677	2.3735687990254153e-24	0.4829124795812625	4.622593395652928e-32
1.2283272859041992e-29	0.2978575460085736	0.5474417742339436	0.4038151887231428	0.11104784443416288	0.10589338972076248	0.3783819777900258	0.3035054497796696	0.1738293036899406	0.19697438808539858	0.35459630375662504	0.28043194933831217	0.1466042891869691	0.20241752015266254	0.3376649779056236	0.26327342933871584	0.16131229152577342	0.21554025712970498	0.34442252589528477	0.24391133304046753	0.15528713753703363	0.23486562239172232	0.34315516706237437	0.23000771890624389	0.15762001889269392	0.23713114759280896	0.35182759068849406	0.20295604731754724	0.16021268276211198	0.2769415532953889	0.3560528931227132	0.21250753812976086	0.0946089587583471	0.28974915747453617	0.3818989727946843	0.10931378375965042	0.30252573847079434	1.6378316233193094e-24	0.47672064863475005	1.9485825236549167e-32
