0.005535602824238595
0.011068836247432046
0.014233693069400033
0.01996797273750417
0.02870433739735745
0.03640891052236839
0.03832682138454402
0.00368188921129331
0.003806214468568214
0.0038376515726668003
0.00399259731273105
0.004020371750065976
0.0040632183785191955
0.0040630272583257465
0.004046673598168127
0.004025552834718837
0.004151158998865867
0.0042299922642996535
0.004272814803698566
0.0043647515703924
0.004345654451753944
0.0044572477345354855
0.0045845314161852
0.004796328954398632
0.005473395634908229
0.006515920511446893
0.00835815747268498
0.011125666555017233
0.016523192636668682
0.029194297268986702
0.0658887978643179
