4.090432761761028e-9
4.025768298506774e-9
3.9558932566678755e-9
3.880638794639127e-9
3.7998959968147285e-9
3.713643070680692e-9
3.6219308296435975e-9
3.525017071153183e-9
3.4232444079245644e-9
3.317166094192029e-9
3.207553823492043e-9
3.095429942879355e-9
2.982078414839266e-9
2.869032906616887e-9
2.757985228325627e-9
2.650589996558256e-9
2.5481976619393715e-9
2.4516091737809613e-9
2.361013945352128e-9
2.276146554018849e-9
2.1965603562174694e-9
2.121865233999213e-9
2.0518518990295115e-9
1.9865336487617736e-9
1.9261272751673417e-9
1.871014767919719e-9
1.8216882135620476e-9
1.7786973011443143e-9
1.7425981596019072e-9
1.7139080122869097e-9
1.6930721946551484e-9
