-0.0003043661672563758
0.0019223420194975915
0.0028798321645808755
0.0042567739455989795
0.006496902215985756
0.004926990531203046
0.007175729521350149
0.0005331550771643379
0.0005076659740552714
0.0006287100624149389
0.0007090105093539023
0.0008340841182814529
0.0007356104823585952
0.0008748802965783398
0.0009211381935756435
0.0009986969005240098
0.0010310285892956017
0.0010566731289145537
0.0011452201433712617
0.0011539330917003099
0.0011147128861921374
0.0012289857186260633
0.001305050594964996
0.0014597511471947655
0.001627220684895292
0.0018385440926067531
0.002253255108371377
0.0028109728009440005
0.003960059199016541
0.006610564887523651
0.01511483732610941
