6.941630886712437e-9
6.905557084460221e-9
6.865892557510624e-9
6.822271391118868e-9
6.774306104426579e-9
6.721443447530082e-9
6.663160324324296e-9
6.598729932891905e-9
6.527266119225778e-9
6.4476605912227255e-9
6.35853914355829e-9
6.258240232153827e-9
6.1449131226539865e-9
6.016736463292967e-9
5.872462813317371e-9
5.712194081864472e-9
5.538162609205639e-9
5.355003284312356e-9
5.1691214515749706e-9
4.987333061334638e-9
4.815507998468332e-9
4.657800175384626e-9
4.516557519942028e-9
4.392632269317573e-9
4.285814337064125e-9
4.195236118318408e-9
4.119705530542319e-9
4.057964123817494e-9
4.008871176043516e-9
3.97151043189194e-9
3.945224231404524e-9
