74.21194213282027
69.40930106722841
64.42446367426118
59.236817055538914
53.823198317822744
48.157519199824236
42.21030462731486
35.948123112502124
29.33276093386121
22.320728823875328
14.861583310754668
6.896789120910398
-1.6422547056962642
-10.836714949552515
-20.783660365296328
-31.600569248342147
-43.431556257654826
-56.4561176233364
-70.90171411177425
-87.06227993113897
-105.32616125692611
-126.21951083616707
-150.4759513025065
-179.15291450457823
-213.8354429868534
-257.0148624826393
-312.8462972300258
-388.8153561179582
-499.90496517520864
-681.0958546376684
-1037.3681295241183
