0.03549847148744548	0.018064047625080792	7.343667082597618e-26	0.031345119397131874	0.028876551644579244	0.019115872184233853	0.021101908814531594	0.02928035112493816	0.029430025041982225	0.019120034875562294	0.01922485161344895	0.029381373357193673	0.029376127479173543	0.01913117825193978	0.019163599467759813	0.02937822334140756	0.029378894959528036	0.019133357120196693	0.01913803188611482	0.029378923237526958	0.02937825314822734	0.019137947124799597	0.01913349949900145	0.029376259014815543	0.02938189244818734	0.01916272322058912	0.019131641893877147	0.02942993862481785	0.029265850436974095	0.019217343489842775	0.01912121308073623	0.028886874183730173	0.03149344255335522	0.021085406247179177	0.019119223224796096	0.035335949078043466	0.00012673663257714083	1.3570767128790604e-20	0.018072185474060944	3.494245068427244e-22
0.03897899883915709	0.01966485489659352	1.1344323307106112e-22	0.03399293785544185	0.031107519527214366	0.020969269756090043	0.023303873523578232	0.03162486240237553	0.03181422468313302	0.020970745727281526	0.02111235384600272	0.031746295927074515	0.03173995078294632	0.02098695910028081	0.021032755945091554	0.031743026803232856	0.03174393569848934	0.02099019860942043	0.020997566413205472	0.031744028239038186	0.03174288030853215	0.02099708039897521	0.0209902100864635	0.03174018288039673	0.03174678941592741	0.0210312015454295	0.020987167787021827	0.03181416300118535	0.031606192170996354	0.021101693833452943	0.020971797388971786	0.031121662088766558	0.034174580907042035	0.023283149817042312	0.020973472247090626	0.03877758833464717	0.00015446825750145145	1.467353023095539e-16	0.019666717039376128	1.3311927054067685e-20
0.0428197640381486	0.02140405768106094	1.300497817417666e-22	0.0368301764107722	0.03346679014515402	0.023024712000228105	0.02576347678390794	0.03412811205528006	0.03436747140030127	0.023020990130078363	0.023211941791733904	0.03427243555862523	0.034265244201954786	0.02304456561664698	0.023108958172766054	0.034269515587310735	0.03427093658406431	0.023049517022832932	0.023060793052138595	0.03427104283682578	0.034269379101428424	0.02306005900475612	0.023049998375765077	0.034265604383065536	0.0342730899357408	0.02310645129417782	0.02304524192820872	0.03436736796991712	0.03410439324720673	0.023196518213586335	0.023022691696279036	0.03348611551677563	0.037053451437491475	0.025737310729440716	0.023029854752188227	0.0425695603124663	0.00018864557523903602	2.548566303650377e-17	0.021395284570939765	4.752618485005434e-18
0.047053878400534536	0.02328995292228078	7.444627589886075e-22	0.03985600413502441	0.035948858322601904	0.025305919878884964	0.028511850984393246	0.036792064847254766	0.03709372820480402	0.02529308370994588	0.02555095574552391	0.036961120434648276	0.03695362432316817	0.025327762455846014	0.025418162180662944	0.036959538104653175	0.03696163651067322	0.025335495976085153	0.02535253659776407	0.036961810791978585	0.03695932215244676	0.02535109901288635	0.025336123533924282	0.03695422291599536	0.03696187443093808	0.02541417296487182	0.025328504337689062	0.03709368203294971	0.03676208087867424	0.025528453063305017	0.025295966621953034	0.0359753215332317	0.0401312690106743	0.028478321211214783	0.02531232131618355	0.04674239875201092	0.00023081110150282663	2.3566693858013682e-18	0.02326382300661909	2.086259016122745e-17
0.051716006664532854	0.02533064456206022	4.8183567779294967e-23	0.043064948414825124	0.038545308186163134	0.027840465608884413	0.03158136582401759	0.039616717222969944	0.03999586724782556	0.027813241179078897	0.02816044313041234	0.03981134161754609	0.039804821787666804	0.027864054847723835	0.027990876771889477	0.03981276548787493	0.03981582813324384	0.027876145926902494	0.02790189317711689	0.03981615583394252	0.039812429615054094	0.027899720751665538	0.027877228802311946	0.03980581131559927	0.03981209219419139	0.027984903063397945	0.027865156738997063	0.039996000390041114	0.03957916986876566	0.0281282970505218	0.027817611702937905	0.03858159292677425	0.04340529450686191	0.031539704322872036	0.02784831022481996	0.05132752310371098	0.0002828811664756926	2.1816746700189786e-16	0.025277956431399042	3.248909943649833e-18
0.0568419763351038	0.027536755964081474	2.859029762324807e-23	0.0464457916960523	0.04124497738362603	0.03066187083278999	0.035011597830910644	0.0426002907700489	0.04307530368210445	0.030611250970465975	0.031078613787085804	0.04281928410844774	0.04281617997622712	0.03068552764731168	0.030863791010385867	0.04282647371181274	0.042831074119887846	0.03070453408661383	0.03074400688701543	0.04283164234117	0.0428260201715365	0.030739665298861116	0.030706830576243904	0.04281782023863347	0.04281988107795995	0.030854034593945003	0.030687637975106496	0.04307587756676394	0.04255357870283828	0.03103132150727938	0.030618151440030297	0.04129432641608265	0.046867831612966905	0.034958534799380735	0.030670135190126263	0.05635680389811391	0.0003472193937239957	1.4650084970140975e-16	0.027441552444476516	2.323112401819157e-19
0.06246880271611612	0.029914534222391466	1.7198551599324677e-22	0.049979402226088036	0.04403227737457036	0.033809735104967924	0.0388401681189599	0.04573870651137767	0.04633252871403385	0.03372480199957677	0.03434806791327107	0.045978662335230215	0.04598333465640732	0.033830814612064254	0.03408081001094594	0.04599576193244071	0.046002175770575277	0.03385921274972789	0.033919760061661794	0.046003355808138136	0.04599481577670534	0.03391114413978326	0.03386379076561267	0.045985461007366855	0.045978107579360855	0.03406313286647211	0.03383338614586539	0.046333323451854314	0.045681338948161794	0.034277993958443255	0.03373214941809594	0.04410007315585784	0.050505093887656276	0.038774328378858164	0.033815287256111326	0.06186210287436791	0.00042676725108050013	3.0260221776525362e-18	0.029757129910092443	9.543947335780384e-20
0.06863381018965017	0.03247299861020013	1.3071812133834371e-25	0.053639047924191524	0.04688987028805351	0.037323741390828905	0.043110099377602434	0.04902485798431646	0.04976511977281976	0.03718827762127968	0.03801533928182297	0.04927762214804837	0.049297614164270434	0.03734661495130354	0.03768853221807908	0.0493127672489387	0.049322460793479295	0.03739172385210223	0.03747797139351889	0.04932467013916957	0.0493115437956942	0.03746753099586145	0.037397017815519115	0.04930252940729328	0.04927674315671705	0.037666172075315536	0.03735008354727463	0.04976838690531025	0.048957220272468314	0.03791586636026046	0.03720267554499517	0.04698322240848876	0.054296064874424815	0.043029730329891845	0.03732822280694763	0.06787474380795908	0.0005251558059622145	5.046298825573131e-19	0.03222419791416942	3.7706769090160186e-20
0.07537449536520689	0.035221430185071304	8.374228772348501e-22	0.05738712472997902	0.04979718983643039	0.041256761518199826	0.04786533738748935	0.052449685195644996	0.053370433404299644	0.04104629769410743	0.04213629962207694	0.052702541858952644	0.05274995205640977	0.04127595952688326	0.041745649929794695	0.05276600943193861	0.05278007180020863	0.04134448371628691	0.04147151369470342	0.05278419596273273	0.05276402842518476	0.04145386873862131	0.04135398684776014	0.05275832051257856	0.052699733757834606	0.041711136340862744	0.04128139987242803	0.05337684851548118	0.05237161632346603	0.041993698532868544	0.04106817078469251	0.04992524829121444	0.05821179353407817	0.047768279084414306	0.04125501245381388	0.07442462886928387	0.0006468643085668065	2.315044429994799e-19	0.03483765504944886	9.323150789129647e-23
0.08272797981178917	0.038168745588438864	1.8161952504125343e-23	0.061173987026393685	0.052731790867303015	0.04566767295576431	0.053148248502373124	0.056000742250446274	0.05714428826416991	0.045348554324122076	0.046770774015607905	0.05623472769075142	0.05632838998963479	0.045679948482131784	0.04631839195164333	0.05634235668624565	0.05636260606383914	0.045782519135027136	0.045967130956919476	0.0563702273418177	0.05633915289398302	0.045937685890527664	0.045799468709529334	0.056342612721626134	0.05622844618085278	0.04626556443893464	0.04568873617895707	0.0571563770894834	0.055915208150652644	0.04656738271835318	0.04538226878102849	0.052907302309444716	0.062213813908859585	0.053033071580056525	0.045652704045487574	0.08153979059586443	0.0007974552677452457	2.2923369446272157e-20	0.037588320767762494	1.6143335378556637e-18
0.09073050331852989	0.04132391720750335	3.7500435650323913e-28	0.06493626181163693	0.055670047675643486	0.050622698474799575	0.05899708131936188	0.05966218592629062	0.06108155100391568	0.050148069206847466	0.051981015122841076	0.05985173634976154	0.06001979306098451	0.05062282793923426	0.05147928693663062	0.06002626248467891	0.060054896347267066	0.050773337195223894	0.051037342994400894	0.060068889540296655	0.060020965852615585	0.05098877873900824	0.05080289505661815	0.06004389020954602	0.05983955841566784	0.05139890216158544	0.050636744977632986	0.06110361762961233	0.05957671382504592	0.05169229605090908	0.05020033931118542	0.055910293230789415	0.06625364081800128	0.05886324931977814	0.05058276926149597	0.08924540327198922	0.0009838249173383957	4.0849611488022964e-20	0.04045935939129183	2.0347746637468326e-22
0.09941648961550974	0.044695247801787845	1.4048006031778509e-22	0.06859573920540345	0.0585881463217618	0.0561942956677241	0.06543917268934667	0.06341462744558485	0.06517644967048081	0.05549798952144369	0.057825094921631535	0.06352831104216634	0.06381073808794722	0.056171172751379894	0.05730214195203124	0.06380121084383501	0.06384070135565122	0.05638656193755874	0.056757484089591005	0.06386600843518633	0.06379249361605374	0.05667839629812346	0.05643749895345503	0.06385140497386534	0.06350656760032121	0.057180841750826356	0.05619316287931243	0.06521572383937983	0.06334469160350249	0.05741803751467219	0.05557968705416904	0.05891642820037111	0.07027284263073014	0.06528792737529852	0.05610995275300393	0.0975630749534081	0.0012145338816211518	5.121954395072328e-18	0.04342416244068746	7.894504128073276e-19
0.10881759794310424	0.048289054321550055	4.026929039344217e-22	0.07206006926205806	0.06146301200426782	0.06245560333512102	0.0724828417966513	0.06723570648003918	0.06942298493794112	0.061443564399408596	0.0643461243810008	0.06723900204853524	0.06768949107007706	0.062385260175379126	0.06385086519365571	0.06765245108572784	0.0677045895471902	0.0626840922221958	0.06319434560848229	0.06774947101109999	0.06763809302711452	0.06306824428466751	0.06276981557118798	0.06775724838750631	0.06720205965898726	0.06367035358956552	0.062419013754813304	0.06949109068584572	0.06720978768585815	0.06377741822939016	0.061571642410836465	0.06191032747457643	0.07420410571504915	0.07231821485601307	0.062295196154091216	0.10650883573883953	0.0015002428378538995	5.816480245941438e-19	0.04644316080448333	2.2586162746517386e-18
0.11896063340020216	0.05210594934627206	1.2524466686875379e-24	0.07522648010070218	0.06427309254726206	0.06946902558169486	0.08010655130939681	0.0711019135443942	0.07381518612948111	0.06800704640253233	0.07155636748109326	0.07096275262102968	0.0716480561403331	0.06930187940071078	0.07116214276986454	0.07157073727937083	0.07163479320929148	0.06970159267875549	0.07038740992074348	0.07171254923136201	0.0715474205969519	0.07019144192384254	0.06984199546202141	0.07175907384046637	0.07090234079089225	0.0708982276493191	0.06935217741602553	0.07393024117310747	0.07116861649615934	0.07077101999263996	0.06820899954273522	0.06487988335937217	0.07797525367608024	0.07993653179143334	0.0691849163027388	0.1160918717279816	0.0018541213763613577	9.220804982903378e-18	0.049461513583972085	1.4504022491187429e-18
0.1298642166113731	0.05613562118769109	4.850624773988301e-25	0.07799165345493432	0.06699858003648361	0.07726882831948635	0.08824796429267116	0.07499292116789466	0.07834707074809912	0.07516549153816149	0.07941719140396819	0.07468990307900505	0.07568510418095085	0.0769088424699415	0.07922041102626501	0.0755578982131921	0.07562728717882891	0.07742145921347399	0.07832070531331958	0.07575798971966757	0.07552085493176998	0.0780260060938125	0.07764399413204962	0.07586256080281105	0.07459392572136236	0.07884363777652387	0.0769806267242225	0.07853584385053322	0.07522954248347198	0.07834875443448415	0.07548445550103634	0.06781609908800434	0.08151637653216358	0.08808583098592253	0.07679175629062221	0.1263106510279049	0.002292296047529303	1.0581668524813448e-18	0.05240837296764134	9.233842368215178e-22
0.14153361439711115	0.060349111523271055	2.941482519002417e-25	0.08026847213201047	0.0696213232338549	0.08583706900360998	0.09679913308693747	0.07889836302676767	0.08301209922468383	0.0828252826744477	0.08782227073865384	0.07842977313553479	0.07980829667009481	0.08511652319331454	0.08793420254358889	0.07963186040995819	0.07968942953362762	0.08574466035942141	0.08689438991068588	0.07990111786020679	0.07957500698465221	0.08646877330585089	0.08608380400981534	0.08008262132617945	0.07828080364483012	0.0874123689138418	0.08521284115934215	0.08331159747456081	0.07941877210957612	0.08639564559085156	0.08332657608219501	0.07071156098015842	0.08477110800079563	0.09666433108343019	0.08507248787890041	0.1371481597633185	0.0028339315661856128	2.701771094733328e-20	0.055201363785907925	2.023717170593988e-19
0.15395384702903178	0.06469274309718993	3.1949556470659354e-27	0.08200665229484748	0.07212472907141063	0.09508484382714026	0.10561331897217639	0.08282478539695218	0.087801691800955	0.09080834738858597	0.09659533141985313	0.08221463830732247	0.0840345552955271	0.09374332560729833	0.09712798886469623	0.08382781470063054	0.08384073684763278	0.09447840958438068	0.09591286984953672	0.08416917449231562	0.08374444991747663	0.09532613981801052	0.09497335048235568	0.08444143772336753	0.0819882779461219	0.09643047472867407	0.093862249108755	0.08825922244125481	0.0837835663415471	0.09473247256593308	0.09158579365148871	0.07355844043449436	0.08770867634623372	0.10553179408508556	0.09391180212439271	0.1485655691178389	0.003500821289643043	3.117556885188106e-19	0.057757922585644716	2.1780719280279736e-19
0.16708305993694159	0.06908816181721622	4.181885292501837e-25	0.08320849282137244	0.07449439893805677	0.10485290558311587	0.11452640133986405	0.08679837883782991	0.0927029278032841	0.0988676056571299	0.10551079525760584	0.08609512010221115	0.08838675474627868	0.10253420517378938	0.10656223165881473	0.08819176720424586	0.08810804997387735	0.10335822699020249	0.10510643043135501	0.08859446111745498	0.08807594650692438	0.10433767949258356	0.10404837328834826	0.08896234040994222	0.08575839934587048	0.10566548009271018	0.10266462977732783	0.09337418422065431	0.08838752186841213	0.10313846247339734	0.10004670540633202	0.07634685706553732	0.09033139345012538	0.11452960250835871	0.10312623390590432	0.16049659414906803	0.004316097192401828	1.5497327633402853e-18	0.06001168667934383	7.853535421001495e-20
0.18084820264079357	0.07344223279045349	4.732048933167773e-27	0.08392957186313897	0.0767198037326702	0.11494049477977702	0.12338378397236431	0.09085929680364856	0.09769563102035866	0.10673648985206054	0.11433292032855702	0.09012607813536726	0.09288701444426839	0.11121532371411301	0.11597955446415678	0.09276673462054527	0.09251549235950711	0.11210435735591996	0.11418577624113516	0.09320270081199127	0.09261525675947015	0.11322966397872422	0.1130245001239386	0.09366137609311972	0.08963686369160834	0.1148705669854802	0.11133296716151182	0.09864141355221102	0.09329694731623046	0.11138961431781727	0.10847159741747123	0.07906573002177845	0.09267195132699248	0.12350671807443205	0.11249476311547546	0.1728446372852601	0.005302504910812816	1.2521189770298243e-19	0.06192791525630258	5.103078505043374e-21
0.19514417584044408	0.07766276877175941	1.0507759905580489e-26	0.08426262172633862	0.07879634679351058	0.12514943643999982	0.1320590759966037	0.0950485103970676	0.10274997599202251	0.11419009712664663	0.12285441490065452	0.09434881439681465	0.09754909927299112	0.11955872485472019	0.125153599243309	0.09757741117758661	0.0970736743724788	0.12048501038177498	0.12290291566523467	0.09800197065773612	0.0973919620482985	0.12177221821514031	0.12166207389922351	0.0985402769151039	0.09365716751571165	0.12382956611020816	0.11962397461459713	0.10403324001934613	0.09856284843357617	0.11929379631935255	0.11665580720750818	0.08170596265690233	0.09478130697535653	0.13233732067622242	0.1218040191762004	0.18548370338713205	0.006480334320482213	7.438511558805944e-19	0.0635095936184308	1.7434314910212427e-21
0.20983537563995755	0.08167235465926369	2.1369408068079222e-26	0.08431418547579862	0.08072670641379884	0.13531892665421844	0.14045650577535915	0.09939346614586204	0.10782552206648213	0.1210856630690893	0.1309173226162661	0.09877807967534463	0.10237303498175772	0.1274214557803235	0.133915983454365	0.10262038517776269	0.10177327917524376	0.12835236033791964	0.1310866148403001	0.10297730407760729	0.10240930220408853	0.12981028969807273	0.12980438973629882	0.10358352150720487	0.09782976583211908	0.13238028972697755	0.1273798057627339	0.10950979872609223	0.10420580742248811	0.12670763063324622	0.12446358446962724	0.08426416942462234	0.09671369997149556	0.14092315869301386	0.13088278021784364	0.1982623979787854	0.007865226397162592	7.653728806485469e-19	0.06479176203140086	1.607421726951337e-21
0.22475750178233156	0.08541412593476667	4.8637820214725825e-29	0.08418560085364372	0.08252058146310816	0.14533400365036075	0.14850173646760653	0.10389799297046623	0.11287183799693762	0.12736623035326522	0.13841447924777472	0.10339746645523991	0.10734263936870235	0.13474449337653338	0.14215635327947782	0.10786200923742603	0.10658470002350205	0.13564018895076174	0.13864315046766842	0.10809149633924939	0.10764132501858212	0.13726159166973134	0.13737685161561253	0.10875895181111428	0.10213950944849126	0.14041311266691756	0.13452961020765986	0.11502095991883912	0.11020744787787326	0.13353530855229595	0.13183001356944035	0.08674464386495365	0.09851562845103526	0.14918455552498366	0.1396118327016642	0.21100876280634678	0.00946579070835362	4.9057747535079987e-20	0.06582862309106687	2.3012778869737014e-23
0.23971841370173078	0.0888503377409466	2.3334657525875983e-26	0.08396290474719648	0.08419269776230624	0.15511068976218975	0.15613043601707235	0.10853791239800428	0.11783043087865488	0.13303734416476548	0.14528074199164648	0.1081610006614643	0.1124246603177029	0.1415244060214476	0.14980741254488308	0.11324127187490862	0.11146103997389317	0.14233745406243162	0.14553596745015535	0.1132889099862879	0.11303469819925928	0.14409539637029267	0.14436092331937475	0.11401926724369918	0.10654821812892046	0.1478570974152682	0.1410636467472076	0.12050815319479061	0.11650772591071155	0.13971980542778378	0.1387380380238706	0.089158081462352	0.10022064681342145	0.15704963280155626	0.1479124129676197	0.22353498681417805	0.011280629451257695	4.432368831794535e-21	0.06667986109439011	7.240874728032831e-26
0.2544985349270201	0.09195780439101947	2.5391756983884537e-28	0.0837136224310916	0.08575945431530942	0.16457225486612787	0.16328069400581569	0.11326055919749109	0.12263691059626759	0.1381360729999043	0.15148275292730473	0.11299702978407994	0.11756753806054179	0.14777952104079187	0.15682839311997063	0.11867401995970622	0.11634112616849888	0.14845818278639222	0.15176167331816343	0.1184987287650941	0.11851155345531611	0.15030900354093885	0.15076352338859078	0.11930228626583263	0.11099854945072829	0.15466597012712271	0.14700103386906566	0.1259050088023896	0.12300556298154522	0.1452342891610583	0.1451888367054387	0.09151722212248331	0.10184815246436482	0.1644473536747629	0.15572639938105726	0.2356423497269467	0.013294859053594763	3.928892745937326e-22	0.0674001880555678	9.429233875409866e-25
0.26885184390573985	0.09472366864391202	6.939855537691742e-25	0.08348669738866286	0.0872347385214554	0.1736284496035086	0.1698899624222425	0.1179863677276072	0.12722283923230548	0.14270549098100366	0.1570101259730523	0.11781230545184397	0.12269913989016398	0.153524263035313	0.16319288931704531	0.12405676020980755	0.12115074783303786	0.15401904457852833	0.15733159189069715	0.12363632150931354	0.12397175537607891	0.15591014782868276	0.1565941478086898	0.12452958569069883	0.11541672062680901	0.16080874841377457	0.1523651029205252	0.13113663506921716	0.1295618589976102	0.15007565571046472	0.15117856705288715	0.09383015544864243	0.10340385638026164	0.17130523764850714	0.16299897196346116	0.2471269740148393	0.015476361149756417	1.9041776859175158e-21	0.0680330398111199	4.132802181997749e-25
0.2825086103142064	0.09714258492910183	6.794006823590059e-31	0.08331332746825927	0.08862554472592568	0.1821640427721261	0.17589524122267	0.12261192399647172	0.13151693711054585	0.14677887101925863	0.16186752217182437	0.12249601869529451	0.12772434404303054	0.15875540910522398	0.16888114237659116	0.12927004378471746	0.1258022476844099	0.15902670048108922	0.16225994020303752	0.12860318700511975	0.12929491472281535	0.16090599071121733	0.1618521526934299	0.1296045728630445	0.11971405964675433	0.16626431601184946	0.15716952863817002	0.1361182682108526	0.13600530731747584	0.15425873273459678	0.15668554262771583	0.09609262896997366	0.10488085573218789	0.17755030064903207	0.1696685738973171	0.2577866857535245	0.017772517329496883	4.503589056769142e-22	0.06860769866184822	3.9975085071478556e-30
0.29518098294782713	0.09921502066837164	1.3412075408404876e-27	0.08320813940838555	0.08992820854856295	0.1900373445655518	0.18123500176685642	0.12701471393720185	0.13544599201291987	0.1503723565929675	0.16606699809617492	0.12692451140460076	0.13252426848486798	0.1634482817956258	0.1738752172805963	0.13418231460237035	0.1301939250510411	0.1634727974664725	0.16655691504186967	0.13328703905837863	0.13434349426482195	0.1652969610221254	0.16652221950741497	0.13441187512474542	0.12378835383211056	0.17101804677889842	0.16141324000377155	0.14075446850595819	0.14214179001480412	0.1578099222344589	0.16166682859084214	0.09828105329450067	0.10626110736266736	0.18311178826645286	0.17566428140016116	0.2674288903218233	0.020108351616509316	4.2876392368443033e-23	0.06913891084935342	1.6832407179519252e-32
0.3065719599383311	0.10094593424845173	1.7249249927688702e-26	0.08317089494908943	0.09112621439485458	0.19708709421024415	0.18585196513360047	0.13105990321432887	0.1389360542929888	0.1534835808439545	0.1696210241997293	0.1309671792781314	0.13695913910709176	0.1675595508097051	0.17815611745792573	0.13865504287456756	0.13421113871679813	0.16733398446417255	0.1702250753089454	0.1375637510641619	0.13896819903509922	0.16907398692013692	0.1705752417794555	0.13881979434575875	0.1275262650673079	0.17505928285766742	0.1650808446768482	0.14494027460249392	0.14776712935845587	0.1607603349934369	0.16606132590618516	0.10034823349608148	0.1075174484265608	0.187924666099524	0.18090872922951523	0.2758786252321157	0.022387144574283313	6.409333371102445e-22	0.0696282063349008	7.36476540866889e-32
0.3163879200946834	0.10234333463054855	9.972818369360626e-26	0.08318905697250659	0.0921904016663419	0.20314474777962696	0.189695917142251	0.1346090515960432	0.14191451743900946	0.1560942057015382	0.17253739207453395	0.13449368937719938	0.14087593285441766	0.17103396521914907	0.18170275465396368	0.14254956876429736	0.1377306271587541	0.17057526854383792	0.17325843827009124	0.14130248671579665	0.14301618871552096	0.17221860776396017	0.1739724930394772	0.14268697216909482	0.13080792884901968	0.1783795215574042	0.16814612633359172	0.14856540143888455	0.15268188050736223	0.16313958021279074	0.1697967506917402	0.10222380636214272	0.10861635943689006	0.19193297529500675	0.1853241262973637	0.2829856149305032	0.02449464840095856	2.3074532989911825e-23	0.07006643260004869	4.4900278148260996e-32
0.3243542677828177	0.10341669001138554	8.066242491127129e-27	0.08324152972984403	0.09308213648604134	0.20804916915016813	0.19272581180191076	0.13753013428894398	0.1443134294563835	0.15817510157301484	0.17481695057885147	0.13738214957730802	0.14412055990557768	0.17381266410080476	0.1844926814411382	0.14573551235379895	0.14062865318298684	0.1731554999985179	0.17564398143908003	0.14437424981424377	0.14634163189391966	0.1747056364216362	0.17667153340347375	0.14587298001829904	0.13351431621723836	0.18097135819977309	0.1705771092071362	0.15152151248548026	0.15670590121486985	0.16497135665566778	0.17279838089969665	0.1038205939020721	0.10952153812148763	0.19509210616402045	0.1888389835394565	0.2886290333066388	0.02630773131555582	3.8086085489588176e-23	0.07043722083488947	6.639873612903176e-33
0.3302327046925189	0.10417534258409682	2.1830770474316805e-25	0.08330345384450884	0.0937591922716405	0.21166066262358282	0.19491072540632515	0.13970773613329487	0.1460736680930361	0.15969305985057025	0.17645445933802967	0.1395274247924459	0.1465526655329768	0.17584134305825624	0.18650421205736542	0.14809983314252362	0.14279196734135768	0.1750338346547318	0.17736500022177193	0.14666276785983573	0.14881712180286105	0.17650763112125417	0.17863235798206015	0.14825115174538142	0.1355369487100634	0.18282822312296643	0.1723416022178114	0.153711412285506	0.15969030198746537	0.16627162757022834	0.17499786847499077	0.10504652961097741	0.110198090945277	0.19736947872422742	0.19139372966416845	0.29271911786432014	0.02770698234051232	2.7690092345542616e-23	0.07072113219301407	9.76618440953823e-33
