1.2813437774483006e-24	0.00025639327275138	0.022971245005199252	0.0002634165848413444	0.03536647585027943	0.01699045114937753	0.019029633922179438	0.03147967840976092	0.028880900084412714	0.018853682463020438	0.019142721265942665	0.0292660269219797	0.029429666037279468	0.019075422136918537	0.019132680227363367	0.029381631331693976	0.029376017673994538	0.0191211501850571	0.01913236880247726	0.02937800404855939	0.029378839116166185	0.019129946688827334	0.019131871427693653	0.029378258343750994	0.029378364862448735	0.01913192741339838	0.019130102593891366	0.029378389889834385	0.029378342439103325	0.019132776935769723	0.019121398497937155	0.029378892509562927	0.029378231335964948	0.019133931718402938	0.019075577723866817	0.029376032980809704	0.02938180084789825	0.01915063398770341	0.018853152806766214	0.029424231670269568	0.029266853162498937	0.01904649220619669	0.016987633766734785	0.028907162946891784	0.03148193129359325	0.022971449469067987	0.0002486356038896267	0.03549847264872458
1.917990535601679e-20	0.00031092794496775136	0.02560116115402907	0.0003207016664897153	0.03881750126116129	0.018395569807251714	0.02086102834761933	0.03415713320106423	0.031113097368982705	0.020623487954619192	0.021002655750929966	0.03160644398164129	0.031813767264924527	0.020907302667810365	0.020989201468554097	0.03174652476761197	0.03173978275745599	0.02097161548199014	0.020988583488096197	0.0317426232676249	0.03174385404522583	0.020984967841829464	0.02098771991120319	0.03174294477673278	0.031743091379606854	0.02098823968799205	0.02098452419529605	0.03174308049970312	0.031742926429303216	0.020989352611763896	0.02097114825921016	0.031743682234334505	0.031742636897331686	0.02099116857896296	0.02090713611132741	0.031739585635802224	0.0317464772358005	0.02101408363221544	0.020622531391498257	0.03180594041546708	0.03160753720890649	0.020882648308487003	0.018392048593119905	0.031147612307028137	0.034159303339571026	0.025601983571122054	0.00030959008283571143	0.03897898762120534
2.5631403163143273e-25	0.0003776189436467356	0.02859769026692057	0.00039132784423497166	0.042621721324328884	0.01990375707486021	0.02288920631314682	0.037031420497230225	0.03347389956517535	0.02256713590820936	0.023065840802701014	0.034104631009313754	0.034366726913295884	0.02292994980120517	0.023047892515763915	0.03427263338467277	0.03426499697837282	0.023020026193519203	0.02304684675204343	0.03426890992471124	0.034270847067615004	0.023040457490344418	0.023045276404098584	0.0342692971132469	0.03426960498134303	0.023045883698834445	0.023039960698694465	0.03426953975440187	0.034269306982292094	0.023047968192335896	0.023019587986443015	0.03427054407592514	0.034268959636706044	0.0230510082422512	0.0229295417068821	0.03426465403532872	0.034272558677374824	0.0230822885877178	0.02256566116212162	0.034355591864970045	0.034106298750332636	0.02291684306923176	0.019899429823692912	0.033519193025913475	0.0370331328739695	0.028599299741252533	0.00038710953355622173	0.04281973032942723
1.959483353947447e-24	0.00045918630394060743	0.03202102535154425	0.0004785695014681247	0.04681049752498785	0.021517981457290364	0.02513728377077009	0.040103665319783106	0.03595789685642285	0.024699668752021432	0.025356530432242327	0.03676216338489148	0.03709266470090507	0.025162483341799016	0.025333102372744786	0.036961190707380215	0.03695327089699122	0.025288696580509862	0.025330751702451956	0.036958561420022	0.036961602585435564	0.025319787366254527	0.025327971391292586	0.03695896403037334	0.0369595834405009	0.025328980876334648	0.025319115887652587	0.03695946331452363	0.03695901401227146	0.025332697373297994	0.025287989653687653	0.036961053784855785	0.03695864193740666	0.025337596808561454	0.025161746303105678	0.03695264671791511	0.036961067690117554	0.025380390748561958	0.0246974722009338	0.03707673124566736	0.036764804145440665	0.02517263346274747	0.02151280723016607	0.036017330293813016	0.04010423032225574	0.03202362550374647	0.0004860717834135693	0.04705383582827624
1.6228512770787512e-23	0.0005589536998880732	0.035946005412809345	0.000586608568750059	0.05141627790257551	0.02324071096818215	0.027633591088666157	0.043371026843735574	0.03855674643516984	0.027037159991706354	0.02790344069225463	0.03957885102694073	0.039994365025402275	0.027625834712288334	0.027872619620137394	0.03981098413225872	0.039804285954164076	0.027802190364635736	0.027868327616513158	0.03981107400747636	0.03981594322608671	0.02784948218973942	0.027863247326205164	0.03981146967268441	0.03981269378333692	0.027864686677060033	0.027848324579398367	0.03981242241401091	0.039811600535640736	0.027871221830697478	0.027801122853865306	0.039814945907005544	0.03981128821806082	0.02787938852293236	0.027624787167604335	0.03980320902522856	0.039810784539885055	0.02793755641146639	0.027033744176852566	0.0399716607637243	0.0395830115732714	0.02767766840144814	0.02323482732461832	0.03863465408021516	0.043369301161447174	0.03594822977464562	0.0006129204754458038	0.05171596362176392
3.55658605601338e-25	0.0006809702315309345	0.04045959212082743	0.0007206872347224791	0.05647226264879753	0.02507365523796965	0.030409725814433585	0.046825888658402245	0.0412589154299676	0.029595983001081797	0.030739059814755186	0.04255256767282622	0.043073168230460084	0.030342426718800036	0.030698883960808762	0.0428181267458705	0.04281538040939144	0.03058784028968715	0.03069097485397418	0.042823653064849	0.042831424658896305	0.03065933183596163	0.030681921397081178	0.042823960751151795	0.04282621356652487	0.030684530442271627	0.030657451003811814	0.04282570960147184	0.04282419876703564	0.030695927067573407	0.03058607598997018	0.0428297609105329	0.042823979400481625	0.030709562943824077	0.030340742166026762	0.04281355844477986	0.04281778310193127	0.030788448688047018	0.029590690461539428	0.04304091324879641	0.04255900927492751	0.030465332764369437	0.025067622927620777	0.04136086320378015	0.04681989028388257	0.040462921558855405	0.0007762352821611333	0.056841990088139234
2.609865253568597e-22	0.0008300763298535285	0.04567220179368455	0.000887614177385446	0.06201186299659557	0.027018210220516047	0.03350835898930015	0.05045570320534899	0.044050389144893703	0.03239437326521233	0.03390671451206524	0.045681147226011	0.04633114565218018	0.03333742492492074	0.0338546586121871	0.045977360130701854	0.04598370893918773	0.03367755334478098	0.03383979475752417	0.04599279477099364	0.04600533469426813	0.03378509894892555	0.03382120911199962	0.04599191003997074	0.045996353084637155	0.03382490030523078	0.033780355445982256	0.04599379465286087	0.04599116736577285	0.03384412978304499	0.033674835803048406	0.046001333525694764	0.045991949877780894	0.03386820947179989	0.03333368719580547	0.045979699500862975	0.045976251248927576	0.0339739064281872	0.03238485654693726	0.046283005634315894	0.045688876883383696	0.033574301430326095	0.027013087745409822	0.04418276734499477	0.050441345155553825	0.04567577246716995	0.0009873488187957117	0.062468808617208944
1.5972612593664438e-19	0.0010122044768044183	0.05172142772283978	0.0010980770770020825	0.06806900513672488	0.02907742428449086	0.036971631202463176	0.05424078768321507	0.046914570661493536	0.035447032170781885	0.03744453987596047	0.04895451796678212	0.04976324919914356	0.036631030470993184	0.037377728522513164	0.04927449610249297	0.0492985572143546	0.03709916895320647	0.037351854876311555	0.049306653184130744	0.04932705138820054	0.03725994183430702	0.03732348217035061	0.049306308695839345	0.049313837198154	0.03732754880147371	0.0372579282318365	0.049312010146014607	0.049307250763661624	0.037361773036636	0.03709719502202834	0.0493221282929079	0.049307852239642784	0.03739973820330747	0.036629191549733854	0.04929311447819556	0.0492735812581938	0.03754381107874453	0.035433585130954535	0.04969687823230137	0.048969089200173586	0.037051942192480695	0.029073534944928703	0.04708422759879746	0.05421140879830186	0.05172172417660849	0.0012614971267174632	0.06863389422876708
4.1539229569747507e-20	0.0012342160743553702	0.05876501716225952	0.0013606803719591616	0.07467451174184862	0.031249523788269326	0.04085484883608207	0.058151388190248815	0.049828173219921085	0.03876992384073201	0.04140718494019792	0.05236577991320133	0.05336812154865393	0.04024693608855967	0.0413211124766865	0.05269565177072111	0.052751641391279844	0.040886432158087	0.04127499731110271	0.05275481545320082	0.05278806004459107	0.041124518541974055	0.04122586483600124	0.052753682058993806	0.05276729159583837	0.041233495749391745	0.04112034113260072	0.05276380811937885	0.0527555713039018	0.04129198116524849	0.040882605972750063	0.05277963896940091	0.05275700339910515	0.04135534545068503	0.04024416316002658	0.052742441857374575	0.052694120363630255	0.04154964077270299	0.03874941167404034	0.05327422915007706	0.052388227676747126	0.04095197394952508	0.031252128970356785	0.050047336806443826	0.058099585553361366	0.05876540275547449	0.0016189129409243403	0.07537469576855652
7.374720032342763e-18	0.0015044663021210603	0.06701401858420464	0.0016921152396867218	0.08185949098875141	0.033538029911453424	0.04522671012066777	0.062153474441283614	0.05277053717795996	0.04237740647933488	0.04585489018916021	0.05590378390956876	0.05714170890565252	0.04420425581740163	0.045743143909526746	0.05622093595707697	0.056331493406775214	0.04506962849569412	0.04566168197808595	0.05632190480927445	0.056376246367336305	0.04541807367903634	0.04557758166390806	0.05631959766504138	0.05634388819201826	0.04559156555863343	0.045409999296120725	0.05633718868911025	0.05632345470959042	0.04569007620949549	0.0450625377626672	0.05636173685297011	0.056326043521768544	0.04579542197849041	0.04420042294899543	0.056315843016063696	0.05621846172359803	0.04605800899516323	0.04234624878540889	0.05700919087690781	0.05593829888308378	0.04534180116477153	0.0335544868478954	0.05305207898932705	0.06206531015216182	0.0670143383610794	0.002086891254337636	0.08272848409172097
3.4905630462845735e-25	0.001832683282286704	0.07672425867273198	0.0021129345200807566	0.08965189333219892	0.035947011811138165	0.05016636929226029	0.06620418134429988	0.05571840988726767	0.04628058480990819	0.05085325767879579	0.05955572160634829	0.06107908083969747	0.04851573179716022	0.05070552983890942	0.059825845381414076	0.060025296931793475	0.04967328721941979	0.05056377405263765	0.05998930598498672	0.06007759312446415	0.05017585232746101	0.05042219207548531	0.0599853062673014	0.06002788019678208	0.05044740999278626	0.050160586863758946	0.06001517505614975	0.05999302561274427	0.050610788156407044	0.04966020753108887	0.06005275795524628	0.05999705944206093	0.05078496840975265	0.0485107767356668	0.05999884309908227	0.05982178951026737	0.05114140700776601	0.04623325234780698	0.060892792202449565	0.05960863792689118	0.05029981069581887	0.035989995272936476	0.056077637749846435	0.0660575554447575	0.07672454735537991	0.002701922543042946	0.0907316910740928
8.909515341292081e-20	0.0022301309285978114	0.0882090723203685	0.0026508405909244337	0.09807593789194251	0.03848359764404157	0.05576355380011762	0.07025468839727783	0.058648517209595796	0.05048620673664224	0.05646835072884668	0.06330778675769208	0.06517492019052755	0.05318310708198553	0.056267625743181275	0.0634819881708749	0.063820221965125	0.05470925638229464	0.056025518440779944	0.06373576104319634	0.06387735230823312	0.055420883976327016	0.055792523037150085	0.06372924877509577	0.06380238966955977	0.05583711247179389	0.055392647658579854	0.06377848873799905	0.06374453233552418	0.05610229272127867	0.05468566266935503	0.06383508261146068	0.06375028185401761	0.05638719175724723	0.05317730765142912	0.06377588069365127	0.06347542573895286	0.05687411684991297	0.0504141535417925	0.06491429761376401	0.06338879089171846	0.05591360727547778	0.03857465271804532	0.05910323417170521	0.0700143300891265	0.08820931773541187	0.0035123444806966857	0.09941915594315304
7.557487786816142e-21	0.0027095754560229495	0.10183480132645692	0.003342529362173955	0.1071506712628412	0.041159473272102266	0.06210929211473498	0.07425385406966674	0.06153866957873442	0.05499510814430296	0.06275276210399398	0.06714738145491872	0.06942389501443243	0.05819108236028886	0.062471804841102305	0.06715957765780493	0.06770485309338001	0.06016787699776509	0.06206825500660188	0.06753946297366555	0.06776157820628757	0.06115196329803931	0.06169592906083733	0.06752899492343314	0.06765139911670562	0.06177307808751418	0.06110112920914161	0.06760734163504932	0.06755849319506846	0.06219154319471483	0.060125907101151184	0.0676904104082742	0.06756635875344871	0.06264965564207858	0.0581853724873065	0.06763146930362804	0.06714902686746267	0.06331904749011937	0.05488463570979255	0.06906147956939881	0.06727152543287121	0.06227134549162011	0.04133341242605079	0.06210868039486715	0.07386395252747688	0.1018352807624151	0.004580633890680327	0.10882332457376316
4.5560795788537785e-25	0.0032850315603788725	0.11799347730468804	0.004235231600410506	0.11688733493238958	0.04399213869324793	0.06927544600183358	0.0781559500867489	0.0643684729584369	0.059801122471946425	0.06972083899003984	0.07106723514841545	0.07382080204937351	0.06350106179630892	0.069319196725273	0.07083257829337392	0.07167121052694045	0.06600695145673112	0.06866787195051169	0.07138232128389205	0.07171978682228	0.06732775511412872	0.06809469129723872	0.07136475104759944	0.07156347774949567	0.06822405440344206	0.06723948101303581	0.07148418126091668	0.07142021921145972	0.06886095223723997	0.06593395948878092	0.07160189981421862	0.07143164904977511	0.06957913513761609	0.06349757869633381	0.07155191827637339	0.07081616763819502	0.0705015890027421	0.059629778629366186	0.07332093624252763	0.07125847561134568	0.06944001321725068	0.044302797176935374	0.06507464573147785	0.07752887242781774	0.11799368226304086	0.005983443580199906	0.11897223717397457
2.3457627017171003e-24	0.003971341420283634	0.1370244800395918	0.00538512610273236	0.1272853261644938	0.04700445979954011	0.07727430881792209	0.08193248876749391	0.06711948593847863	0.06489090298854454	0.07730978989683904	0.07507233071299829	0.07836020756488438	0.06904699888212688	0.07673639503837686	0.07448759269958165	0.0757167044833603	0.07214348670930826	0.07572767903444554	0.07525748497702803	0.07574790596078568	0.07385218509488839	0.07488523218903574	0.0752259817490161	0.07553661736067875	0.07509381440190778	0.07370554041392657	0.0753989007568023	0.07532623858690227	0.07602027536565886	0.0720203695328994	0.07555767665253546	0.0753457367838224	0.07710745415446014	0.06904976807785226	0.07552764939747357	0.07446285360519281	0.078369816830461	0.0646216417537464	0.07767841480848302	0.07536921405338202	0.07742613837280597	0.04753051320125469	0.06798204500815315	0.08093408197527008	0.13702453688693	0.007806103700174075	0.12988609712829047
7.443698839617508e-22	0.004783439259101499	0.15908006519977363	0.006850600891265847	0.13832602064008298	0.050220908243036044	0.08600772266573264	0.0855870323354597	0.069774822747604	0.07024597360674818	0.08534191802424315	0.07918741201446629	0.08303541986140071	0.0747380957126091	0.0845486020145341	0.07813354672063261	0.07984553514486599	0.07845574648837583	0.08306309113662225	0.07917762008630178	0.0798512052946156	0.08057210809493823	0.08189118187187115	0.07911881690087774	0.07958320474171482	0.0822118158362182	0.0803409725242256	0.07935472578926277	0.07929137219343912	0.08348837864803321	0.0782560079647478	0.07955512363838263	0.07933022694839527	0.08506234536903455	0.07475399042684927	0.07955594962012552	0.07809805319388193	0.08675359584465267	0.06981881548756277	0.08211926201462856	0.0796519129193959	0.08612461316029246	0.05106945671195256	0.07081067917041174	0.08402066214326481	0.15908007692562603	0.010127623947651076	0.14157124505445876
2.5564304490475383e-22	0.0057355970811319235	0.18396802733012566	0.008678999876487657	0.14996539350073412	0.0536592375272222	0.09523136137549841	0.08916583583483778	0.0723188171475322	0.07584644212731158	0.09351757549156589	0.08346042489215946	0.08783669927826801	0.08047209026734031	0.09248695455197459	0.08180698416109722	0.08406839806239333	0.08480299976390854	0.09042154992062004	0.08317936629144121	0.08404422740229997	0.08730015474766277	0.08888844845678488	0.08307039542299656	0.08373084191103262	0.08935492839073425	0.08695723465570511	0.083371991530481	0.0833506714004454	0.09100929845281985	0.08449394705627372	0.0836039112599905	0.08343156737027865	0.0931720010461783	0.08051228643782166	0.08364288946480294	0.08175886934916357	0.09535407750246408	0.07516965424766564	0.0866287387134736	0.0841892509770936	0.09528408394402119	0.054965105639456696	0.0735382826673156	0.08676040029956439	0.18396808836893327	0.012997073790823073	0.15401229152636997
6.48581968081841e-22	0.006841065878324267	0.21107509895917148	0.010891778831132187	0.1621281459602996	0.057320238297553346	0.10457654057001006	0.0927548651163372	0.07473819808073219	0.08167489128637107	0.10146904416963054	0.08795529674856722	0.09274942011104065	0.08615644799654336	0.1002488321092943	0.08556476021940736	0.0883993392379505	0.09106040691207185	0.09754613624811609	0.08731669715843494	0.0883456841886324	0.09386261511281002	0.09566409848493017	0.08712375934549457	0.08801534038079369	0.09630453436678527	0.09338535747900664	0.08748452589414764	0.08755118648951742	0.09831430301880305	0.09060664979612774	0.08772398859687663	0.08771191537597613	0.10112503958222267	0.08623841116493611	0.08780262015912195	0.08550292694528826	0.10379652449827313	0.08061961842304627	0.09119172000242017	0.08909067263925464	0.10453052964031528	0.059240626333254776	0.07614146632925257	0.08916307198022391	0.21107509188421242	0.016411482630093774	0.16716452207294902
6.690261542644148e-26	0.008111956648431751	0.23945993284657813	0.013476956968038977	0.17470629689171285	0.06118124049843972	0.11364019959541054	0.09646015683990448	0.07702509432276579	0.0877172442134358	0.108863186960555	0.09273401504734878	0.09775264474411784	0.09172652658378255	0.10758846734765184	0.08946491828828672	0.09285061492316939	0.09715025206552341	0.10425360564778048	0.09164331317054784	0.09276943884151342	0.10014745701018476	0.10207918418867311	0.09132304343499137	0.0924671938098181	0.10291080965711111	0.0995234444361705	0.09172792157689653	0.09193489404782457	0.10520232961775122	0.09651871090666506	0.09193740287580805	0.09222838879314206	0.10866418042776779	0.09187656198839689	0.0920526097937446	0.08938788022884023	0.11173493938236527	0.08611981393376004	0.09579108266727765	0.09446955566811069	0.11345865129240529	0.06388879179053294	0.07859904287397823	0.09126924297621401	0.2394598620893402	0.020310502503825496	0.1809500967792196
2.0513091313411718e-21	0.00955894157168887	0.26808041263875754	0.016393838111337797	0.18756280001509285	0.06519753202216659	0.12209346351724962	0.10038104422574878	0.07918089635078625	0.09395878773052185	0.11549058961658694	0.09783691026781499	0.10281837779443631	0.09714943796323428	0.11437968120631603	0.09354655046494342	0.09742767205516752	0.10304925362284509	0.11047542055573603	0.09619373060879799	0.09731633059805034	0.10612103099564638	0.10809381699255766	0.09569702930754392	0.09709915890244673	0.10912178967407726	0.10535041228951761	0.09612553225455092	0.09652270181104189	0.11158611046457584	0.1022139301590886	0.09625772314116615	0.09701268047829142	0.11565360369587488	0.09740514053427883	0.09640664598625942	0.09344979021396786	0.11894558831243354	0.09163145921147776	0.10040498965139452	0.10041554952234097	0.12174085501907425	0.06887508986321658	0.08089624504643449	0.093132200294354	0.2680804141511198	0.024592312418690514	0.1952592798408128
2.7399427614374492e-21	0.011190183867282556	0.2960116409686384	0.019584827630144096	0.20053742505288302	0.06930962499525403	0.1297424913701109	0.10459000743222313	0.08121861608589066	0.10037689109112573	0.12128871615790676	0.10327128036309176	0.10791175470957831	0.10241411701149147	0.12061463917249422	0.09782024333747362	0.1021263397637485	0.10877102102823245	0.11624060048481952	0.10097364106939385	0.10197129538767653	0.11180798135391828	0.11374377940935954	0.10025072486321941	0.1019015160478084	0.11496401240308633	0.11090213119981013	0.10068021155860937	0.10130852737040236	0.11747998595587816	0.10771592611716743	0.1006830148254684	0.10206172673520829	0.12208165437607363	0.10282535794316841	0.10086904494704901	0.09769264958977679	0.12535444203005403	0.0971238655006161	0.10500461633517844	0.10697475354779803	0.12918764891853293	0.07414690553333492	0.08302748853358044	0.09480080656027061	0.29601162383203955	0.029138494483265956	0.2099535665481621
2.5735619956193776e-22	0.01300908237580807	0.32255152329633746	0.022985403306012456	0.21345219664707388	0.07345090556212179	0.13652343290614394	0.10912292195440892	0.08316242137266426	0.10693332631349939	0.12630570390859153	0.1090091378668602	0.11299174858662295	0.10751679005585639	0.12635737359485266	0.10226925378314333	0.10693186275036148	0.1143394920190332	0.12162640036481012	0.10596032371764058	0.10670528696428694	0.1172553602261929	0.11909534943598606	0.10496591811255844	0.10684444023126982	0.12049874762451147	0.1162333958184933	0.10537377902448347	0.10626269101170456	0.1229525783872536	0.1130597389705286	0.10519488511539521	0.10733984896178177	0.12801486100118556	0.10814410018255927	0.10543186065942275	0.10209025803825933	0.13100246995923875	0.10256785367365598	0.10955383265931705	0.1141412585554032	0.13574211534946515	0.07964019580784293	0.08499659896431762	0.09631096845693439	0.32255149898631497	0.03383277412694002	0.2248679370548708
2.1177636646190354e-24	0.015010991058147101	0.3472235155804878	0.026528494160503745	0.2261159321624945	0.0775527323763475	0.14246151164247672	0.11397579009834143	0.08504432195707311	0.11356832822071232	0.13064534937310696	0.11498945292539048	0.11801206776199007	0.11244966048264787	0.13169155068339328	0.10685475050052054	0.11181808827006091	0.11976780914390736	0.12671234262463207	0.1111070988082778	0.11147859018355165	0.12250294150567678	0.12420766998000178	0.10980541170163892	0.11188231249883704	0.12578338516337392	0.1213879645177709	0.11017004475068438	0.1113378054922073	0.12808014724949654	0.11826951492895502	0.10976071864791433	0.11278506721222041	0.1335434590625312	0.1133599089856213	0.11007384268374856	0.10659343002519853	0.13598934751518105	0.10792861450746881	0.11401042096373865	0.12185495934358767	0.14143801449966648	0.0852806381557074	0.0868147091572094	0.09768505587043064	0.3472235108146508	0.03856887362631269	0.2398114395899369
1.6383982801987154e-24	0.01717936932078971	0.36973170956173596	0.03014451013753828	0.2383288358936944	0.0815470009541995	0.14762702441983963	0.11910319130769534	0.08689827223305087	0.12019737909061005	0.13442291488304609	0.12112050703922428	0.12292146182136407	0.1171947144917171	0.1366849766300626	0.11151939059495407	0.11674508108250936	0.12504707855415753	0.13155303492460707	0.11634647882117795	0.11624231636140382	0.1275671421487841	0.12911282282363323	0.1147155801492094	0.11695585905253755	0.13084977481705315	0.1263829793635023	0.11501700050739701	0.11647197269753229	0.13291812944489792	0.12334643633059655	0.11433548806720129	0.11831403544536322	0.13874281291493018	0.11845432699529032	0.1147590107077737	0.11113617063446	0.14042673345908016	0.1131602522304786	0.11832788924076149	0.13000082634217663	0.14635508802288472	0.09098128161406414	0.08849676062500474	0.09893466454432076	0.3697317116715066	0.04325073976404171	0.2545668703408301
3.214638137982083e-22	0.019481915154986554	0.3899101294153045	0.033759537142016696	0.2498879332469299	0.08536708300102719	0.15210319611849415	0.12441757991755437	0.08875222655520806	0.12671086962420644	0.1377391386545743	0.12728187225821527	0.12766286067284777	0.12172102518442299	0.14137288351940816	0.11618828277960548	0.12165514670073768	0.1301425381234344	0.13616766177639386	0.12159095665502317	0.12093711864343065	0.13243539205908517	0.13380971804530428	0.11962584547766097	0.1219913984998505	0.13569675589199776	0.13120411539573645	0.11984653419351951	0.12158831289751103	0.13748965039170769	0.12826431305282163	0.11886136769831196	0.12382453638984493	0.1436538014871457	0.12338798295034209	0.11943381211532723	0.11563918649437085	0.1444096794357677	0.11820292245565209	0.12245642347296379	0.13840915918870433	0.15058627185927484	0.09663975808318317	0.09005707052073703	0.10006397231430297	0.38991013613552444	0.04778972616653553	0.2688912041647569
1.1081512808818248e-23	0.021867238880578913	0.4076808719117894	0.0372933359359753	0.2605937373320274	0.0889480218028552	0.15596677626384048	0.12979040021572222	0.09061896067159103	0.13297680996028363	0.14066814243122966	0.13332707136555613	0.1321713600914658	0.12598382317693813	0.14575373875276582	0.12076837923103007	0.1264682926930343	0.13499410507462137	0.14053888830703373	0.126732524939265	0.12548992762553432	0.13706607100317847	0.1382652470030986	0.12444617708685918	0.12689840542675737	0.1402905316948075	0.13580633378538137	0.12457234807644255	0.12659227544272103	0.14178396740184565	0.13296942684651963	0.1232653553819516	0.12919669933177824	0.14827635824566077	0.12809965564227643	0.12402340472993609	0.12001124796504442	0.14800249124885542	0.1229823377740504	0.12634257428372234	0.1468582768182552	0.1542176018429724	0.10213704391815911	0.09150471495426715	0.10107259250889836	0.4076808746838135	0.052101001263357566	0.28251787629146796
3.5621887309435264e-23	0.02426312020115228	0.423021969822579	0.04065798361958783	0.27025782873919446	0.0922263415376427	0.15927775721228613	0.13505643598643477	0.09248719554478146	0.13884643935955154	0.14325363057719712	0.1390883819659314	0.13637181177874158	0.12992450576089815	0.14979189323536646	0.1251482521018771	0.13107920499079548	0.13951945668484986	0.1446162238756155	0.13164296922376115	0.12981046128219714	0.14139112382163588	0.14241838169599708	0.1290648240803491	0.13156746562702243	0.14456860942649902	0.1401172643324718	0.12908794519913352	0.13136918582159238	0.14575956740389076	0.1373828693650193	0.12745658316202046	0.13429473612890275	0.15257076094474775	0.13250764112654234	0.12842874345351965	0.12414987637994851	0.1512338686371209	0.1274114830571828	0.1299278658272838	0.15508161389538222	0.1573172686377632	0.10733854695761474	0.09283956640313333	0.10195778215339302	0.42302197587574303	0.0561002443595062	0.29516198255082216
2.326646722263377e-29	0.02657713543412166	0.4359431185689849	0.043757739348183645	0.27871057681045297	0.09513993152179803	0.1620752984147152	0.1400219555382469	0.09431521290310507	0.14416238262322534	0.14550995970692016	0.1443845187556893	0.14017742101304406	0.13347163709504223	0.15342410364484046	0.12919983935497004	0.13535792889757225	0.14361904174822102	0.14832184853267089	0.13617669276934646	0.1337897842365397	0.14532056609532526	0.14618576953654544	0.13334877257002	0.13587080825860937	0.14844563084383802	0.14404241758931954	0.1332669867244219	0.13578454347950328	0.14934956716722428	0.1414049261293957	0.13132554404296276	0.1389706627408281	0.1564637750784839	0.13651314917621185	0.13252658024263386	0.12794266876919386	0.15409807831475414	0.13139424566876662	0.1331473922554776	0.1627801463506999	0.15993093669038133	0.1120979146816336	0.09404987403225269	0.1027158509967538	0.4359431192563739	0.059701328753899885	0.3065288501198052
5.652160271770974e-32	0.028700724410441514	0.4464681247459463	0.04649098540937688	0.2858077866939644	0.09762854145642152	0.16437798817762328	0.14447710907404698	0.09602964945248633	0.1487684873221673	0.14742658534964023	0.14903130535676387	0.14349104546675226	0.1365436746879343	0.1565686473468378	0.13278361560596305	0.13915600058231384	0.14718302030993713	0.15155882969761572	0.14017746158476735	0.1373031438545933	0.14874924335842185	0.149469008747217	0.13714896132629611	0.1396671948652125	0.1518210835656884	0.14747257693606572	0.13696794794128223	0.1396891111311534	0.15246915069518135	0.14492191011972255	0.1347473494175613	0.14307099087977584	0.15985860874651867	0.1400061103321311	0.1361743098326017	0.13127073732849967	0.15656070648333512	0.1348308132159677	0.13592981899300996	0.16964047827572712	0.1620816260569335	0.11626372982946194	0.09511218787278031	0.10334295916245158	0.44646813088631004	0.06281598992561815	0.3163263013412271
4.0144096831721914e-29	0.030517182560943684	0.454623461215558	0.048755014053781534	0.29143495632645255	0.0996353845634595	0.16618753796118463	0.14821216012501098	0.09753167566494063	0.15252026632653845	0.14897524645636587	0.15285449552936484	0.146210461347064	0.13905420192990722	0.15913627893298316	0.1357579028631747	0.14231833705350494	0.15010018027646646	0.15422189181672052	0.14348934786729559	0.14021833288047486	0.151566316941192	0.15216403268438672	0.1403110653941185	0.1428118176357582	0.1545891080510663	0.1502936582026952	0.14004401320367782	0.14292949838553226	0.15502523615191446	0.14781573110864407	0.13759017050720881	0.1464465596761981	0.16264785473780727	0.14287354210538808	0.139220519722696	0.1340152031327472	0.15856813776510403	0.1376244693983327	0.13820012501036008	0.1753574843717079	0.16377330371608395	0.11968890223664413	0.09599400687448743	0.10383542612505631	0.4546234675774218	0.06535634680501815	0.32428001836132525
5.248783190852212e-27	0.03191342952285536	0.4604320016066428	0.0504538789225665	0.295508303755036	0.10111003761276827	0.16749474178726187	0.1510363526732934	0.098711209672116	0.15529468993515697	0.15011909344172347	0.15570306772872272	0.1482376690006427	0.14091997162695577	0.16104195795771892	0.13799162539665946	0.14469933528836174	0.15226836171652075	0.1562101101588589	0.14597066124183403	0.14240893725342976	0.15366706705115965	0.15417239148263795	0.14269071580185627	0.14517012476202534	0.15665008129537727	0.1523986472484417	0.14235734066148978	0.14536300603665975	0.15692798959608487	0.14997578257769104	0.13972831188810197	0.14896445693563176	0.16472804644249314	0.1450101659331977	0.14152048187840863	0.1360667074067541	0.16005963153608255	0.13968919507843985	0.13988568898860454	0.17965942875850727	0.16499720048399136	0.12224195908821381	0.09665898226524103	0.10418995990463212	0.46043200610407964	0.06724064295461422	0.33015097294455875
