5.246239702846023e-9
5.242121419233495e-9
5.2388237121359736e-9
5.234458215528682e-9
5.2303949777020625e-9
5.224832954277313e-9
5.2194615139213225e-9
5.21130607604714e-9
5.202001753363072e-9
5.192638317190284e-9
5.180062558868401e-9
5.166540803407114e-9
5.151225573473192e-9
5.133186147696471e-9
5.1131153710146976e-9
5.090726479414317e-9
5.0662541636988765e-9
5.038491454417809e-9
5.008571837802932e-9
4.979098228640641e-9
4.947199739451429e-9
4.914433353290364e-9
4.88132745619205e-9
4.849088281841859e-9
4.818494214362528e-9
4.7893788783716365e-9
4.763229438714727e-9
4.740668505043165e-9
4.721626157407891e-9
4.706582174924905e-9
4.695297066971291e-9
