4.811078360729429e-10
4.182390213845318e-10
4.4394214259549144e-10
3.974529432756875e-10
4.013058013668356e-10
5.939999491766207e-10
5.599145990159934e-10
6.038922329750495e-10
5.919900603773015e-10
5.272974039760728e-10
7.8784752185013e-10
7.206295041887611e-10
7.113425967171588e-10
8.266866186460932e-10
7.737186028460573e-10
7.908908372870097e-10
7.656703283627686e-10
6.55416601680818e-10
5.574039554333593e-10
5.63943072165678e-10
3.961926273934794e-10
3.596488195704363e-10
3.214989183682317e-10
2.2722272435305616e-10
1.1884700419816532e-10
1.154936334570086e-10
1.1184854753919015e-10
7.368591325679357e-11
3.159921091734789e-10
8.18219622153006e-11
1.2457505489573362e-10
