0.0029111477051628754
0.0056723498964856844
0.0074714025322464295
0.01014270780251536
0.011292400839920447
0.015877923314292275
0.022389929392375052
0.001774699059296836
0.0018416880009226588
0.0018490626421225898
0.0018081449902069835
0.0018418277026617247
0.001785718490140198
0.0018394593514585722
0.0018644856904757034
0.0017004681258185883
0.001665618807237479
0.0017331720155198127
0.0017605913890292868
0.0016657466694596224
0.0015958547373884358
0.0017479550078860484
0.0018235130555694923
0.0019680377590702847
0.002175842266296968
0.002697004354558885
0.0035038343630731106
0.004863777197897434
0.0075024430407211185
0.012430105125531554
0.028078916482627392
