0.9645015320583834	0.9464371916233644	1.1293068574671909e-23	0.9456843074591617	0.9042699158798326	0.9340053088666731	0.019692340431310424	0.9187082676011848	0.912432907816474	0.9313329963657362	0.02162783538877205	0.9208862532356628	0.9118210450538569	0.9310759103666577	0.02187058392803249	0.9208073208650368	0.9119341499378399	0.9310484961733378	0.02190639616711554	0.9215714180210115	0.9103688879885121	0.9269036093168564	0.021732248713929835	0.9177861852999764	0.9330195462087161	0.9770293025672456	0.02272207894060355	0.9645015293638304
0.9610210045233548	0.9413557613345258	2.2445099159667903e-23	0.9404075454159181	0.8959088321503458	0.9283254109149964	0.02165304917241976	0.9115072662191197	0.9054787361017567	0.9250577382669403	0.023981752901160305	0.9140257510537455	0.9047120113700481	0.9247231104514478	0.024294445569354624	0.9139385855082546	0.9048485113357319	0.9246671180497263	0.02434496957209419	0.9149150476530565	0.9031178013421362	0.9198487033476843	0.024119174654104757	0.9105187375748673	0.9268616493272068	0.974399364590779	0.025291085223247106	0.961021029792348
0.957180243840592	0.9357756414820281	7.875414299719081e-22	0.934575216056774	0.886869277588062	0.9221760393164536	0.023839746242515187	0.9036648460894983	0.8980699694885533	0.9181767982854576	0.026644706895997544	0.906568675834162	0.8971128533135359	0.9177402502411263	0.02704817449409613	0.9064770389687802	0.8972756532426263	0.9176399966597277	0.02711870446830283	0.9077241774419871	0.8953830413252158	0.9120549396031904	0.02682482829022297	0.9026336146589015	0.9201470007392584	0.9714034021756787	0.028209575088770943	0.9571802963838753
0.9529461745362099	0.9296549541251702	3.6374338962248965e-20	0.9281274267889006	0.8771244036517015	0.9155283389060226	0.026284419138264483	0.8951294513594686	0.8902063576418392	0.9106325448279871	0.029666036544863775	0.8984674726365016	0.8890175116003562	0.9100627374587462	0.030185623755409972	0.8983791966432639	0.8892088918468912	0.909895002536061	0.030282847694571374	0.8999697828213582	0.8871673580356871	0.9034436837021186	0.029899347826086397	0.8940966184883001	0.9128416422358082	0.9679815882897241	0.031532521009571324	0.952946220709495
0.9482841658998041	0.9229502822960453	3.155892139859324e-27	0.9209976035259457	0.8666521608995533	0.9083531368605329	0.029023067125741955	0.8858470687102947	0.8818930065532955	0.9023619875626474	0.0331007092817426	0.8896712601087312	0.8804256008669462	0.9016174099348288	0.03376844444956055	0.8895993951244382	0.8806467323074939	0.9013484579521326	0.03390313209458223	0.8916234059446388	0.8784818832313686	0.8939262597990787	0.03340368071187369	0.8848752420666041	0.9049141594012285	0.9640616622069422	0.035325787982664614	0.9482841488408338
0.9431582266377379	0.9156179552015581	2.4473206995434078e-23	0.9131113877645297	0.8554404803735587	0.9006199709058682	0.03210149940987208	0.8757561731708846	0.8731430480234708	0.8932924641350435	0.03701973209540969	0.8801194759368126	0.8713436311621706	0.8923190592400819	0.03787579863429121	0.8800856869741068	0.8715935570339325	0.8919018134465736	0.03806137582885049	0.8826547593771801	0.8693477838219351	0.883402474753291	0.03741078348818102	0.8749394597006201	0.8963369326612916	0.9595570477126897	0.03966754841023563	0.9431582308658003
0.9375316705695671	0.9076114987434583	2.683507623220326e-22	0.904381548581233	0.843484304578663	0.8922934918423949	0.03557693671162149	0.8647846464033941	0.8639748805161694	0.8833422294551588	0.041509177830809416	0.8697414808827445	0.861785658480398	0.8820693750313876	0.04260342179140096	0.8697799357703393	0.8620601924139774	0.8814383193186106	0.04285759588056394	0.8730314621631489	0.8597970576102203	0.8717580586565364	0.04201019423941671	0.8642613922305784	0.887087461909522	0.9543630983015091	0.04465132980941294	0.9375316412567465
0.9313670721737021	0.8988835046127365	8.649745814597423e-24	0.8947076213577024	0.8307898768585995	0.8833293299921654	0.03952050603118909	0.8528446643088086	0.8544108636327772	0.8724087754937156	0.046678047078653924	0.8584461940991829	0.8517690569664382	0.8707448154039096	0.04807269016634665	0.8586090359028637	0.8520587538630624	0.8698150524547694	0.04841718469069711	0.8627158882058426	0.849871769293794	0.8588617277838688	0.04730963617939141	0.8528166534593665	0.8771500398478909	0.9483532876571004	0.05038897643847442	0.9313670709168766
0.9246272591512469	0.8893888014764764	2.5858208343205244e-25	0.8839774443472105	0.8173743711927722	0.8736921194500981	0.044013706700773425	0.8398519979072111	0.8444866000564204	0.8604064633311715	0.05263992621296387	0.8461531659879137	0.8413317724420859	0.8582347214539517	0.05440708763223145	0.8465151098888725	0.8416209234651953	0.8568854516735008	0.05487146208794465	0.8516766630979898	0.8396305311823864	0.8445712372467029	0.053430208674915144	0.8405848078356237	0.8665166659418682	0.9413787408291792	0.05701025843206533	0.9246272661123808
0.9172754592841965	0.8790796645346988	3.9301366079873465e-24	0.872058870030248	0.8032683622641533	0.8633257713458479	0.04916239423130623	0.8256916363307103	0.8342355526966228	0.8472130359598824	0.05954761769548833	0.8327427739600052	0.83050880062244	0.8443853572221747	0.0617728595288891	0.8334105436280481	0.8307724774570896	0.8424626867684148	0.06239275981677134	0.8398691947402377	0.8291394479797666	0.8287215450182408	0.06052032192497577	0.8275481490085863	0.8551888872083291	0.9332602648111462	0.06466929639208992	0.9172754821689414
0.9092761744864857	0.8679105819180225	4.8960550615894156e-26	0.8588030086139379	0.7885153514773743	0.8521711978000955	0.055090934817043344	0.8102376929940405	0.8236959157325375	0.832707003471975	0.06757258840466236	0.8180860965968667	0.8193451347710149	0.8290404999368379	0.0703513853590401	0.8192071949966059	0.8195466067295752	0.82634913863256	0.07116892014041	0.8272478356615449	0.8184758376033399	0.8111377073949754	0.06874243436457622	0.8136935527311879	0.8431781746391563	0.9237916938455428	0.07354012456657102	0.9092761675740015
0.9005961146262131	0.8558388386370555	2.5738468864412687e-21	0.8440495618643781	0.7731716875912628	0.8401630278724929	0.061940647112509295	0.7933556150544531	0.8129057100437205	0.8167661433757251	0.07690376922381507	0.8020449442491355	0.8078898106519153	0.8120414131387584	0.08033726762960725	0.8038158838500931	0.8079777334267029	0.8083411383009269	0.08140083537148377	0.8137654443299318	0.8077241233927727	0.7916421737401141	0.07826882127240908	0.7990132350540159	0.8305067349470235	0.9127429792194978	0.0838123994342504	0.9005961234861779
0.8912054251797316	0.8428277365711357	4.196205586861516e-23	0.82763789956301	0.7573054585393073	0.8272362051465137	0.06986113005749771	0.7749154277082141	0.8018990542036516	0.7992842786340182	0.08773166384864298	0.7844855462537975	0.7961916234434487	0.7932500019675901	0.09191655614874823	0.7871583532724222	0.7960970423611234	0.78825630583435	0.09327902399923893	0.7993794487837702	0.7969706338614446	0.7700770478747129	0.08926062821870794	0.7835071251823968	0.8172064968622647	0.8998741213009476	0.09567716871304238	0.8912054501435355
0.8810796605812623	0.8288520110010773	3.9955255293686086e-24	0.8094317162950493	0.7409941334334743	0.8133378688176308	0.0789890877032233	0.7548197340937012	0.7907012505764146	0.7801964776001193	0.10021642909807998	0.7653068440025251	0.7842928363463004	0.7725833933836173	0.10522906396110918	0.7691897431481696	0.7839261411422798	0.765975371391778	0.10694504164089362	0.7840642283579982	0.7862958174664019	0.7463408205169204	0.10183437940746036	0.7671881423574471	0.8033176595050241	0.8849636956657972	0.10929981963639779	0.8810797006502273
0.8702025753337543	0.8139055908273919	2.0217893975837485e-24	0.7893545623436595	0.7243214097137189	0.7984459341071025	0.0894166388522369	0.7330420327990624	0.7793233063853753	0.7595134759733205	0.11444180024236676	0.7444787074091208	0.772221189629898	0.750060834472906	0.12031576361227116	0.7499276812326803	0.7714697019781577	0.7414979023473979	0.122438231630071	0.7678271339228647	0.7757642161236054	0.7204367178949146	0.1160161332367496	0.7500887337736313	0.7888860628956812	0.8678515070838625	0.12478144903247171	0.8702025756724228
0.8585701279923713	0.7980120862025963	8.49149172772831e-24	0.7674375151036433	0.7073734515870264	0.782593975573785	0.10114662596287552	0.7096762610238907	0.7677571350357292	0.7373612515100303	0.1303542031999178	0.7220901574831403	0.7599822169397774	0.7258567321594015	0.13705378747388916	0.7294875571207293	0.7587084219564091	0.7150055807744603	0.139630913092516	0.7507294423780931	0.7654130538060792	0.6925298851504121	0.13168639939340887	0.7322703951568795	0.7739604151795724	0.848496684287313	0.14210847968362447	0.8585701534411369
0.8461957648004979	0.7812347067942019	1.8317571615351128e-24	0.7438624179145351	0.6902360319529655	0.7658926425554431	0.1140514711964882	0.6849771644673249	0.7559737472585397	0.7140080827270204	0.14771120799757215	0.6983876477130789	0.7475550622014786	0.7003352428834141	0.1551075864321233	0.7081084410504238	0.7455965573982727	0.6869040744446262	0.1581809758840763	0.7329029527786399	0.755243204899432	0.6629881240238813	0.1485400283450915	0.7138320056218046	0.7585903842495711	0.8270325583585598	0.16110821465409028	0.846195795771937
0.8331160022675063	0.7636829931209356	7.059010855525979e-24	0.7189820536299405	0.6729937854881689	0.7485381927497101	0.12785243487956544	0.6593709840962348	0.743926801594847	0.6898630160150732	0.16606415874288818	0.6737827404622369	0.7348954370464008	0.6740448542274814	0.17392350604342396	0.6861534530003927	0.7320675121094262	0.6578193245272427	0.17752793204406722	0.7145529487122251	0.7452163282013359	0.6323837519184077	0.16608289880529636	0.6949144505270187	0.7428281617602978	0.8037962676305941	0.18142986988123802	0.8331160165570979
0.8193957205693864	0.7455123611951169	1.3230169535398183e-23	0.6932989730369898	0.6557330311947643	0.7307981340431106	0.14213884631180274	0.6334185580478471	0.731563469393074	0.6654336893880255	0.1847993975182366	0.6488126787408519	0.721948132663861	0.6476569442180117	0.19279174520771952	0.6640731218813561	0.7180498395262432	0.6285288192906169	0.1969558127682327	0.6959410406494099	0.7352622053209686	0.6014389652623386	0.18368506173397792	0.6756973511149699	0.7267336432683088	0.7793115350721587	0.20256836444792983	0.8193957301979625
0.805131943971371	0.7269162829185392	1.4704207013954925e-25	0.6674031727857925	0.6385476742566772	0.712975528250287	0.15642809800244628	0.6077359453188225	0.7188408194964921	0.641252675430943	0.20323421852577317	0.6240609181380132	0.7086665763095759	0.6218620705097381	0.2109649940303145	0.6423393900221563	0.7034908133378147	0.5998441535610979	0.21571072314401352	0.6773512343588259	0.7252953388757581	0.5709253833025062	0.20067985342888964	0.6563890762307034	0.7103829189083971	0.7542214519603025	0.22393115064970753	0.8051319443233579
0.7904555485520587	0.7081146028770664	1.8053236724969624e-25	0.6418902420279313	0.6215460276532451	0.6953658171450283	0.17024584096503814	0.582901178103321	0.7057439562208326	0.6178004521187414	0.22073346597441412	0.6000671274787505	0.6950340224958397	0.5972628979121389	0.22779086223979422	0.6213742699896392	0.6883813993794854	0.5724875515909803	0.2331306969476628	0.6590522870292463	0.7152367435709972	0.5415539290716925	0.2164745141274152	0.637213266308981	0.6938774466632114	0.7291956615776197	0.24492378113204338	0.7904555460606472
0.7755312894019715	0.6893432604266331	1.5725113897304498e-28	0.6172912952411671	0.6048563070417057	0.6782243515973009	0.18319536127951574	0.5593831667548052	0.6923016992561556	0.5954546776115702	0.23680167272053512	0.5772624420491002	0.6810805348506241	0.5743035786654206	0.24280717357072978	0.601501652092146	0.6727758374546823	0.5470075650438002	0.2487388223458959	0.6412726312922609	0.7050348895482779	0.5138952939161298	0.23063163332838957	0.6183973201203964	0.677351017323932	0.7048469179139083	0.2650230018148785	0.7755312772012528
0.7605565280328765	0.6708487082178064	3.919949935067167e-26	0.5940343784946186	0.5886292165598068	0.6617556100658339	0.19499552813060173	0.537512506300893	0.678597565064977	0.5744794307714047	0.2511239523262857	0.555947890362667	0.6668934298546413	0.5532536987763225	0.25577362372629564	0.5829354050028657	0.6568028580588119	0.5237538472850038	0.2622748301461766	0.6241955640249479	0.6946822873177869	0.4883504068406156	0.2429006716377739	0.6001666114464794	0.6609730865337755	0.6816818672417024	0.283816970454438	0.7605565182860257
0.7457591041713766	0.6528871558101565	1.4042964382312118e-27	0.5724393594067152	0.5730376954027109	0.6461227872632911	0.20548438161318547	0.5174920849205278	0.664776346714901	0.5550464510142769	0.2635573756210276	0.5363113790392053	0.65262242177082	0.5342360349236768	0.26664709643997886	0.5657990641042072	0.6406690983196486	0.5029001982597807	0.2736731830528387	0.6079719460256557	0.6842272891264033	0.46516369595660856	0.2532051209028344	0.5827434920248238	0.6449485146274075	0.660088559548102	0.3010126978688575	0.7457590936846029
0.7313939514487894	0.6357254291939568	5.204152126840349e-26	0.5527337364911188	0.5582741470850945	0.6314677956781534	0.21460089578314387	0.4994298068243687	0.6510464176156976	0.5372703295287191	0.2740946697436457	0.5184637223730273	0.6384807367442806	0.517274980509616	0.2755283497052048	0.5501604783185309	0.6246559731569585	0.48449156528709986	0.2830140505895209	0.5927405126926368	0.6737814022553298	0.4444589353776722	0.2616053997331263	0.5663486492025495	0.6295144007273685	0.640348751583445	0.3164226101965153	0.7313939449040865
0.717738129566329	0.6196410093421093	2.4145986834022454e-25	0.5350766138732744	0.5445458648912347	0.6179318496990237	0.22235766442145694	0.4833768724660125	0.6376780131320269	0.5212417451579326	0.28282077588160137	0.5024762752292702	0.6247428554331026	0.5023451160623776	0.28260473352685717	0.5360669741740669	0.6091108608818048	0.4684935347672941	0.29047035862040305	0.5786469481643448	0.6635221764192262	0.426279181045472	0.2682555576249569	0.551201940743504	0.614934476049491	0.6226603003165928	0.3299434811774436	0.7177381194096871
0.70508354890086	0.6049189687311298	9.895201234817246e-27	0.5195812968349726	0.532068595527381	0.6056691836305039	0.22881447047630948	0.46935998242297217	0.6249958159343018	0.5070497423735085	0.2898758821844659	0.4884090214919818	0.6117371446376839	0.4894083869261103	0.2881041710869687	0.5235713351165809	0.5944320406282692	0.45483278261099813	0.2962643912237392	0.5658555748201183	0.6536900082018692	0.4106202595280212	0.27336460272227336	0.5375209520304357	0.6014910872067647	0.6071596358557056	0.34153580340209566	0.7050835400401329
0.6937270921492596	0.5918452315744264	1.3204429056817895e-26	0.5063325799213966	0.5210583624994372	0.5948511244122121	0.23405649705181547	0.4574028318951172	0.6133644993938219	0.49479128508250464	0.2954282584884766	0.476325811157048	0.5998313992240771	0.47843669146275675	0.29226357262450553	0.512745266258055	0.5810468925905462	0.44342523085089014	0.3006366238372689	0.5545514668241867	0.6445769876000993	0.3974546587286646	0.27716565844413893	0.5255167093454667	0.5894745175421267	0.5939398546032736	0.3512064577305431	0.6937270824017012
0.6839580034535802	0.5806961214990579	3.985439445686787e-25	0.49539763584628127	0.5117217275869279	0.585660655205353	0.23817820577149246	0.44753626034808214	0.6031664285252362	0.4845703033204294	0.2996552349944113	0.4662979262083584	0.5894101979503814	0.46942121261568165	0.29530920257053267	0.503680628351859	0.5693842038775024	0.43419294615953036	0.30382432525072783	0.5449332372778984	0.63650677373295	0.3867465613330967	0.27989230380230495	0.5153869405358925	0.5791696374012767	0.5830637689717421	0.3589941503291162	0.6839579809582171
0.6760430924648629	0.5717252314372356	4.2043962583946427e-26	0.48683158584066405	0.5042453370373899	0.5782798212138927	0.24127153111211852	0.439799214717722	0.5947731912773268	0.47649022674556174	0.30272839437386934	0.4583997830651114	0.5808458892127096	0.4623717686054334	0.2974440491305692	0.49648137334396847	0.5598435918989353	0.4270723586290206	0.30604584995312584	0.5371988876389068	0.6298067014948084	0.37846042944290215	0.28176031333441354	0.5073079441167254	0.5708404512294916	0.5745728057076519	0.36495623846559916	0.6760430739315171
0.6702111182393249	0.5651491220488718	3.334114018975214e-25	0.4806790636828786	0.4987858002020611	0.5728735131720647	0.24341715359624846	0.43423368682756697	0.5885144805959287	0.47064409411948793	0.30480021277219205	0.4527008486829513	0.574467323208993	0.4573100664233879	0.29883823409961335	0.4912500206690918	0.5527664519967944	0.42201663633448616	0.3074875449020751	0.5315279564603268	0.6247758302180749	0.3725655403083783	0.2829531262819094	0.5014263545060715	0.5647138295009033	0.5684931648726933	0.36915585555925123	0.6702111016829346
