0.9645015018911878	0.946437474369066	8.43269596096538e-25	0.9456836338113312	0.9042698725789297	0.9340067610447523	0.01969265225627672	0.9187057255882627	0.9124330255909298	0.9313397244894044	0.021629040636979898	0.9208707710267049	0.9118219557979855	0.9311162608392894	0.02187616514036452	0.9207874642899904	0.9118764402548925	0.9310569715478012	0.021926690791774804	0.9207959618963893	0.911873840289313	0.9310460030357832	0.021936478003498405	0.920797255258325	0.9118743315071106	0.9310422257197192	0.021938459431438018	0.9207990926936235	0.9118740101341177	0.93103631438057	0.021938166893187026	0.9208121309802988	0.9118733252914972	0.9310028114258417	0.021933834432812986	0.9208167281411868	0.9119320364523569	0.9310346241208038	0.021919152721200503	0.9215723927571391	0.9103694035833034	0.9269004056296112	0.0217351767647998	0.9177863583671942	0.9330195960576821	0.9770285505309322	0.02272281386517837	0.9645015273512755
0.9610209862705459	0.9413560307628234	1.5943033702506713e-25	0.9404059497712977	0.8959087931719124	0.9283274334011236	0.021654208943789936	0.9115024571401834	0.9054790509318748	0.9250675713698712	0.023984625677231274	0.9140008921751699	0.9047118946894516	0.9247786156032958	0.024304233022987256	0.9139049918821281	0.904785743144646	0.924693687012314	0.024375747095885525	0.9139167171153773	0.9047821236788202	0.9246766978118887	0.024390508184807373	0.9139191681225513	0.9047828942606813	0.9246708700582786	0.024393626332687726	0.9139227669438001	0.9047825977885043	0.924662100695855	0.02439285362409751	0.9139428431158331	0.9047830117068719	0.9246161892090675	0.02438619739873143	0.9139517149559123	0.9048456763257579	0.9246450137299723	0.02436506089627997	0.914916834957633	0.9031185912419015	0.9198433009780957	0.02412417167018674	0.910519031252639	0.9268617090392264	0.974398016428881	0.025292393488286352	0.9610210123787976
0.9571802256765984	0.9357760238277318	1.8715824652124508e-21	0.9345721498564585	0.8868692257566559	0.9221792579091599	0.02384213672495914	0.9036560897666942	0.8980705776732039	0.918192417696359	0.02665015767520752	0.9065293102777625	0.8971110464581366	0.9178179469460535	0.027064418421129912	0.9064207209474939	0.8972106906713132	0.9176960246358671	0.027166144458333614	0.9064365345548426	0.8972057079062994	0.9176692640944447	0.027189226503401765	0.9064408181186222	0.8972069687880957	0.9176592003879733	0.02719444030428575	0.9064469798913388	0.8972063668252536	0.917644916000742	0.027193627264703445	0.9064775225445966	0.8972088164959743	0.9175824415441584	0.02718346110608571	0.9064946971663538	0.8972719320337927	0.917604072573536	0.027151605269316526	0.9077267236455177	0.8953843921602057	0.912045216350142	0.026833898421209222	0.9026339263110423	0.9201471367966026	0.9714007002587469	0.028212190207696324	0.9571802696705717
0.9529461057470199	0.929656193487183	2.2521211943857484e-23	0.928122937575196	0.8771242396614493	0.9155347546862291	0.026287240380003907	0.8951158189070372	0.8902074258207614	0.9106579846153163	0.029673492171723916	0.8984065516193666	0.889012647983029	0.9101716384186238	0.030210726132351703	0.8982867904237871	0.8891463690549416	0.9099962595490134	0.030356392018015474	0.8983081063564357	0.8891396512841041	0.9099539925803636	0.030392349995897155	0.8983154807741508	0.8891416696421848	0.9099368233923286	0.030401538717674866	0.8983258250017095	0.8891406364881506	0.9099143462486083	0.030399868452832216	0.8983732070536143	0.8891466670900124	0.9098298421860471	0.030383212411476616	0.8984048339848472	0.8892043203478234	0.9098369174205322	0.030334975811561228	0.8999749166658848	0.8871695526700745	0.9034265873659084	0.029914998996789753	0.8940973644317279	0.9128419338494697	0.9679763744962547	0.03153755372033318	0.9529461641717256
0.9482839758372784	0.9229533225802993	3.404049081353923e-23	0.9209891232749491	0.8666528980020882	0.9083648784375895	0.029029261594318567	0.8858218351501675	0.8818954787951986	0.9024021053309532	0.033115856106455246	0.8895724862595511	0.880415585065353	0.9017695929263566	0.03381204954158989	0.889445938120422	0.8805939091701384	0.9015174955898141	0.0340196684692731	0.8894750275878973	0.8805851031823778	0.9014508470312709	0.03407508717664803	0.8894883926046272	0.880588358284273	0.9014219711114606	0.034089865703619306	0.8895069714765718	0.8805865891814703	0.9013860754371374	0.03408663085994093	0.8895801694921986	0.8805986852659946	0.901272001752576	0.03406018481559675	0.8896354193900934	0.8806415409799833	0.901254059806584	0.033987270310510555	0.8916322625782294	0.8784855399033275	0.8938962110109389	0.03343098483968467	0.8848765192398715	0.9049147352167912	0.9640517702253567	0.03533530929919984	0.9482840363782389
0.943157870770079	0.9156228799746525	5.098608107399995e-22	0.9130950406862233	0.8554416258500571	0.9006388844085559	0.03211395525149701	0.8757104601130281	0.8731471058582939	0.8933545491210284	0.037048576931350885	0.8799606782103987	0.8713252896615524	0.8925301874989184	0.03795089235917358	0.8798346126980792	0.8715613667031203	0.8921681040208621	0.038246589412595865	0.8798747287910373	0.8715502166607035	0.8920628132724724	0.03833210294093896	0.8798982927235565	0.871555446915125	0.8920138687496603	0.03835646751686338	0.8799304684008864	0.8715525862076379	0.8919568368356433	0.03835129214306566	0.880043013190143	0.8715744904410633	0.8918032477412356	0.038309428729618525	0.8801366675982776	0.8715884154755095	0.8917455610486049	0.03819959411545588	0.8826695719348422	0.8693539553896512	0.8833476702040234	0.03746086297749954	0.8749414426943469	0.8963381196279869	0.9595370784411533	0.039686686276694326	0.9431580099118694
0.9375309245743051	0.9076192897515583	1.7705172484127335e-24	0.9043491034430936	0.8434863344610697	0.8923210106423165	0.035602829179765115	0.8646975079355472	0.8639795698765055	0.8834318778546564	0.041567101526783674	0.8694782104457297	0.8617510683184778	0.8823546587144495	0.04273750819873545	0.8693639943908953	0.862061034213421	0.8818354108395653	0.043158714611041475	0.8694198946508486	0.8620473441818298	0.8816719307623088	0.04328977030984294	0.8694644932449545	0.862057876909258	0.8815923261479682	0.04332740552873112	0.8695220719215849	0.8620549409468753	0.8815000231322361	0.043318705103818786	0.8696923971465487	0.8620898210032777	0.8812940882063915	0.04325346564387362	0.8698495505797893	0.8620554285628533	0.8811799145597347	0.043085502599489935	0.8730555970819611	0.8598076261514267	0.8716595423983425	0.04210037736860079	0.8642645405987067	0.8870898462272382	0.9543242275328309	0.04468842364837433	0.9375311913827915
0.9313660893146473	0.8988938237010425	1.4497548515150127e-23	0.8946400829227359	0.8307897351579834	0.8833755151475591	0.039572566494144	0.8526921601173726	0.8544195489263035	0.8725572636677381	0.0467794575992585	0.858030294400742	0.8517181227609046	0.8711480466809117	0.048295432477373265	0.8579451323871136	0.8521211958505528	0.870403420874284	0.04889491233160905	0.8580227158727538	0.852106143201171	0.8701409765520983	0.049097893659734035	0.8580937800941023	0.8521193409553065	0.8700025248355734	0.04916356683241945	0.8581896242538747	0.8521124855402126	0.8698583197274576	0.04914981715184077	0.8584559835103527	0.8521735290433844	0.8695852242649668	0.04904431542703583	0.8587103492723902	0.8520605316939844	0.8693890131270637	0.04879078197316363	0.8627555055466294	0.8498896624116046	0.8586859425552412	0.04747089924097937	0.8528216465364931	0.8771546969729339	0.9482782758233942	0.05046022704989106	0.9313661057712352
0.9246252914107188	0.8894052614342145	2.303444246480793e-21	0.8838492024370844	0.8173748927628354	0.8737651567218591	0.04411563629820685	0.839579227215869	0.8445002921412805	0.8606306806184252	0.052829459283814606	0.8454784167215194	0.8412519212650488	0.8587844660186753	0.05479331697995992	0.8454472525552964	0.8417706232542641	0.8577212206575905	0.055643602900689315	0.8455579219736109	0.841755760256482	0.8573092933217916	0.0559529901595978	0.8456801880042273	0.8417765237563763	0.8570790349413545	0.05605858700273046	0.84584383203678	0.8417666856651131	0.8568505855920309	0.05603629782044917	0.8462516484572309	0.8418630254841775	0.856488413355444	0.055870789688703175	0.8466579785037296	0.8416343050916691	0.8561804718350312	0.05548786703045203	0.8517402595581732	0.8396611664170731	0.8442575676074946	0.053718876605902396	0.8405921505426466	0.8665257186780884	0.9412345972445317	0.057146489814550255	0.9246253042314498
0.9172714983149083	0.879105628889643	9.992207880182644e-23	0.8718152780900327	0.8032707381619265	0.8634402944150822	0.04936134165256749	0.8252036771628755	0.8342565006355502	0.8475481613672127	0.059900510279112654	0.8316445307796744	0.8303871986899132	0.8451282785672187	0.06244258061587187	0.831701427837887	0.8310469793697048	0.843615817332069	0.06364411743169412	0.8318624495294901	0.8310359686109677	0.8429725516551272	0.06411199075805026	0.8320710296531368	0.8310683113282493	0.8425927465889366	0.06427956665850303	0.8323482648584304	0.8310550261907936	0.8422321907766047	0.06424334316974044	0.8329707324351002	0.8312028565318279	0.8417526921658383	0.0639854365789176	0.8336096699168041	0.8308085812969374	0.8412988195965637	0.06340939674205069	0.8399690922861558	0.8291919401552386	0.8281653105960389	0.06103390283782362	0.8275579941558253	0.8552062057561161	0.9329856616389193	0.06492744710674182	0.9172715159082774
0.909268296983863	0.8679498810004218	1.0848926390034463e-23	0.8583471924331733	0.7885221681279508	0.8523470083613245	0.05547274835752396	0.8093733153385283	0.8237269677714703	0.8331987302435612	0.0682219244030038	0.816301849464465	0.8191643907736086	0.83002919514369	0.07150833428308288	0.8164923894910042	0.8199926745534059	0.8278891132719298	0.07319748751696242	0.816731295588153	0.8199918341406174	0.8268925162693129	0.07389769145104878	0.8170831312296846	0.8200415386760697	0.826273056769204	0.0741593792207687	0.8175472174322825	0.820024938443906	0.8257072304735442	0.07410125766290196	0.818492116319482	0.8202464176490731	0.8250722533580466	0.07370342080814626	0.8194803764204869	0.819623586890313	0.8244357105711	0.07284234219250993	0.8274011964046462	0.8185654392888735	0.8101600821461726	0.0696495264979623	0.8137049213207923	0.8432107534811485	0.923275452644619	0.07402262481233697	0.9092683089259059
0.9005808282666207	0.8558954723650922	2.77688023068902e-23	0.8432126214804854	0.773188070679729	0.8404266622449003	0.06265835395174321	0.7918466443601059	0.8129496692430822	0.8174736342785853	0.07807814860412893	0.7991645678644557	0.8076258953246189	0.8133346772903567	0.08231509331860602	0.7995495504426577	0.8086499576963034	0.8103298164968283	0.08467031102524605	0.799910849521788	0.808669105229298	0.8088040414125455	0.08570294722925184	0.800495778519986	0.8087440691078039	0.8078093349412282	0.08610286185093247	0.8012606502980286	0.8087256610308194	0.8069290151160625	0.08601027579995274	0.8026827578048682	0.8090505371482282	0.806084845098744	0.0854056175587131	0.8041839637785732	0.8081227881613052	0.8052268804542642	0.08413264665313192	0.8139959419461842	0.8078752390056306	0.7899496508348879	0.07984758941997346	0.7990223718914066	0.8305665139677229	0.9117906822645907	0.08469697325471522	0.9005808440568505
0.8911766494690191	0.84290455970939	2.952538880575894e-23	0.8261428800725676	0.7573405220701075	0.8276225031225212	0.07117071178660495	0.7723406146489551	0.8019569914894854	0.8002836722328922	0.08979925234491952	0.7798995718489478	0.795810153002765	0.794913820628285	0.0952304105305182	0.7805610524156203	0.7970536243747907	0.7907418650323071	0.0984734117295957	0.7811152710965737	0.7971062517055076	0.7884456729321783	0.09996554079003288	0.7820691550823724	0.7972164271390014	0.7868810897701086	0.1005603922694443	0.7833028582989027	0.7971999900489112	0.7855284865264912	0.10041595356012224	0.7854148555163756	0.7976676799257473	0.784396682825883	0.09951717645813571	0.7876475780978266	0.7963466395126333	0.7832748728091337	0.09766784964982263	0.7997206474941951	0.7972196953533979	0.7672136744292295	0.09194715084448973	0.7835054923212474	0.8173127228987711	0.8981647192375958	0.09725464687173481	0.8911766754262478
0.8810277187120842	0.828949181215848	3.3570194932490063e-22	0.8068572426063023	0.7410625451160839	0.8138938451445762	0.08128790518125636	0.7505634189788385	0.790768171744041	0.7815901352208373	0.10372459615332559	0.7581702312190166	0.7837414526574745	0.7747040226890421	0.11061219125995841	0.7592224998986943	0.7852180192142759	0.7690050618500457	0.1149941341128002	0.7600775935034221	0.785320159872989	0.7656307267908481	0.11709087289327463	0.7615940160243343	0.7854764603491878	0.7632355521779831	0.11794611400971595	0.7635281041292833	0.7854689945363108	0.7611938246305461	0.11772815317205548	0.7666034143170724	0.7861305982691357	0.7596580604914829	0.11643398990998247	0.7698394880091624	0.7843204867642986	0.7582175562760509	0.11381588295003911	0.7845651146130873	0.7866914069000861	0.7416522986167589	0.10626078749807855	0.7671595918764981	0.8034988903982077	0.8820063177369588	0.11201023868284093	0.8810277628260255
0.8701138754106362	0.8140204253910551	1.4337382526704912e-22	0.7851308334242759	0.7244435981664428	0.7992415258219832	0.09325278282638241	0.7263038052908493	0.7793802378508319	0.7614533889175827	0.12010526477102966	0.7337480057495059	0.7714166587181576	0.7527854244426104	0.1286814477084831	0.7353544346212979	0.7731206210561694	0.7451752720852791	0.1344443483983902	0.7366652312827542	0.7732874635744029	0.740370879266425	0.13728429519095553	0.7389970499146749	0.7734987631872313	0.736828911254146	0.13846400187677704	0.7419198028586442	0.7735110934238776	0.7338217386827969	0.13815168591289428	0.74627468101391	0.7744311265262777	0.7317128687066209	0.13636811434490764	0.7508165782796977	0.7720368663170025	0.7298664433402546	0.13279344577493166	0.7685675275704436	0.7763597074198418	0.7130897794937884	0.12299660116362071	0.7500097249434929	0.7891798208964399	0.8629754631130702	0.12921843318675594	0.8701139028717094
0.8584287075227207	0.7981420309532663	7.994226902213184e-22	0.7609087426869727	0.7075730093757121	0.7837422453745428	0.10716571607035308	0.6995730687870175	0.7677595361017692	0.7400890090775165	0.13894712864251477	0.7066824620042355	0.7587932832750239	0.7294673477937444	0.14932911689265047	0.7090753047827875	0.7606881738388342	0.7196048222057932	0.1566369677664719	0.7110437366146777	0.7609285619569435	0.7130305352574114	0.16030946692393147	0.7144838053557533	0.761196566921593	0.7080095647521211	0.16185966255046103	0.7187058366854131	0.7612423376573774	0.7037204767564789	0.16144402710388592	0.7246503155769978	0.7624984743811339	0.700807511299433	0.15912370169221587	0.7307790457034229	0.7594363220635321	0.6984064822820827	0.15447021877968425	0.7518439009634779	0.7662471243129062	0.6816347168341695	0.14210396860663063	0.7321148105612423	0.7744080928022812	0.8409199230743788	0.1489524529779749	0.858428754945546
0.8459876574879386	0.7813851137015487	1.3210377079966213e-26	0.7344360463582884	0.6905336889075911	0.7675746146606092	0.12285717147001533	0.6707541590752497	0.755841167241372	0.7178957734547339	0.1598472143441329	0.6774661154697129	0.7457895558271693	0.7053296670641052	0.17193618090461768	0.6809560196601867	0.7477982587177407	0.6930052234019857	0.18079432786217334	0.6838112149968479	0.7481095804809357	0.6844158907767531	0.18529217059143951	0.6886456896755457	0.748422964913061	0.6776356055305942	0.18722338513527453	0.6944362753587647	0.7485159883244703	0.6717536579809091	0.18672193873049658	0.7021978807503874	0.7501946845230606	0.6677544917610949	0.18391085468104373	0.7100993631748843	0.7464011292272882	0.6645658703262791	0.17819516097795418	0.7346051290657645	0.7563098433106338	0.6478309215559888	0.16312347994027165	0.7135824244340229	0.7592273081740659	0.8160319116310674	0.1709710145781102	0.8459877084736307
0.8328354577027507	0.763874401030797	1.1063461281270826e-22	0.7063137225157203	0.6734007455628879	0.7510093358287815	0.13982765404776493	0.6406410411045406	0.743542316000619	0.6954098771078375	0.18195429560383092	0.6470539430873185	0.7323060042360687	0.6811474061305847	0.19537121162088683	0.6520117283572056	0.7343087350515569	0.6663535339369855	0.2055782153105694	0.6559673337673301	0.7346763378023278	0.6556740600936054	0.21077345473038073	0.6624128470025691	0.7350066795821012	0.646979549454454	0.21305220078646137	0.6699293409369775	0.7351568734655105	0.6392622366307786	0.21251771062292907	0.6795798133979487	0.7373434860424997	0.6338842311246927	0.20938164299526138	0.6892820868283203	0.7327775655682767	0.6295994076947664	0.2028037263199829	0.7171378060723316	0.7464382106312992	0.6126749928414188	0.1851635675507603	0.6945739805575095	0.7436724059468287	0.7889249081157894	0.19466360925411863	0.8328354779270528
0.819049884297497	0.7457799368914202	3.2120338769094766e-25	0.6774074342325922	0.656248188983476	0.7343539939685825	0.1573303290355711	0.6102883271215694	0.7307881264430482	0.6731826467680695	0.20414406427494924	0.6166550587205474	0.7182639519383199	0.6576967111884047	0.21825745338311198	0.6234590401570743	0.7201071345853802	0.6406367754506466	0.22943100697733	0.628660074509216	0.7205106073579686	0.6279876992606823	0.23509702102294677	0.6368120584856182	0.7208128551128105	0.6173926386753726	0.237652752946452	0.6460590518873299	0.7210228566251394	0.607721686866352	0.23716587277159212	0.6574857800471426	0.7237882038628193	0.600724944714762	0.23396932516902502	0.668847237395225	0.7184253451524162	0.5950136006418246	0.22688739095408483	0.699744120631939	0.7364849317885775	0.5774257972930411	0.20708168278464084	0.6752928351244272	0.7277806602445691	0.7605401379106623	0.21914935958551482	0.8190499032207835
0.8047407047613802	0.7272986283929805	1.4064530318753814e-23	0.6486450979088213	0.6391605962363552	0.7178808456448499	0.17456587791451442	0.5807405673900579	0.7175377648052907	0.6516489719168062	0.22532916236495343	0.5874020182049977	0.7036404042078858	0.6355506014834446	0.23937604754474995	0.5963673287317366	0.7051530798400493	0.6165803184076453	0.2510483705402358	0.6028494339735184	0.7055764687346521	0.6022411441474098	0.2569211602879031	0.6126651389867341	0.7057936368218677	0.5899213713584897	0.25966457092971634	0.6235040265374677	0.70605804536148	0.5783277626946737	0.2593098734376063	0.6364422974696082	0.709446085121847	0.5695853152731165	0.25635060170697216	0.6492010979895622	0.7032688623920076	0.5621760206350824	0.24918830138557818	0.682673371813282	0.726307845929125	0.5432980849567748	0.22778425951387427	0.6559613254112217	0.711608519864838	0.731919585848885	0.24348810173242924	0.8047407201591921
0.7900464372211856	0.7086386250304373	1.7665633535031528e-26	0.6208298516405194	0.6222426816574789	0.7017829654721246	0.19086550198669677	0.5528117596927759	0.7037992584458166	0.6310662447254579	0.24470758504196163	0.5601081551268012	0.6884814714564804	0.6149889645893933	0.25794844297320674	0.571428136832343	0.6894919207071112	0.594527799025518	0.2696797128150096	0.5791055915659616	0.6899318169682771	0.5788657088885285	0.2755247320844203	0.5904229187248684	0.6900015906398557	0.565115265548129	0.27836639292346355	0.6026185552090215	0.6903097139726926	0.5517684311674341	0.27820440862734047	0.6167200064853626	0.6943314687202894	0.5412978100809696	0.2757377536338651	0.630574029620985	0.6873251945942598	0.5320473464128318	0.2688724620353189	0.6660879058837924	0.7158053357154854	0.5112270532727918	0.2464610896255392	0.6368013033003846	0.6952456268915705	0.7039883761679637	0.2668731293487736	0.7900464334518411
0.7751320697085021	0.6900145746634249	2.3018067701905132e-24	0.5945550985729576	0.605623113150782	0.6861774141459009	0.20577375737657083	0.5270128189661418	0.6896335673484685	0.611541361345685	0.26183610555697956	0.5352153011574393	0.6728971791032271	0.5960453473075796	0.273676117864737	0.5489347049593042	0.6732448292354754	0.5745018650320881	0.2851336527185157	0.5576173793372651	0.6737122319866429	0.5579033744170053	0.2907881044724552	0.5701927771261991	0.6735730795662986	0.543078993674796	0.29365005937711447	0.5834675323902132	0.673913996224958	0.5282514124413246	0.29370032567956106	0.598367209085497	0.6785490606079179	0.5162096040124657	0.29188940040577166	0.6130427882846361	0.6707057131566205	0.5051332915100091	0.28557395967921556	0.6500744468190531	0.7049340345533993	0.4817984080630423	0.26265698628068945	0.6180270565976779	0.6788210944881902	0.6774485010136801	0.2887187248593748	0.7751320629451242
0.7601885631544668	0.6716512184379865	3.623970060100449e-23	0.5702098269559691	0.5894539827397274	0.6711380965351528	0.21904109860436377	0.5035936092909672	0.6751544658199022	0.5931014071287902	0.2765707948139391	0.5128734266446597	0.6570501608081524	0.5786186805531287	0.2866179043178556	0.5288944123713416	0.6565926816951757	0.5563489231999267	0.2976029289164811	0.5383228044562991	0.6571086211275987	0.5391740391843451	0.3029856805392006	0.5518715563460219	0.6567048980142374	0.5236465275389652	0.30580538707379845	0.565946671966516	0.6570729632427261	0.5076690218932313	0.3060457642999282	0.5813076099382993	0.6622771516665232	0.4943194190936854	0.30494955499424825	0.596595878943152	0.6536053507987817	0.4815800548160903	0.2992875409553364	0.634680391353016	0.6937149459947505	0.4553003168820851	0.27622197711699387	0.599847502772139	0.66250350453963	0.6527764891853468	0.3086546371883381	0.760188560410061
0.7454331298409692	0.6537886713180193	1.3889303263599078e-25	0.5480242765039983	0.5739083777159919	0.6567335813965511	0.23057647080752516	0.4826259514594671	0.660529605522463	0.575761499524386	0.2889642531896878	0.49305558201396504	0.6411486151638348	0.5625780637809399	0.2970312908772301	0.5111657172609615	0.6397672630616079	0.5398721182247802	0.30746465091008207	0.521051762666188	0.6403550281409778	0.522430560527946	0.3125628244365425	0.5352821132323344	0.6396414831835346	0.506548472892721	0.3152926703110039	0.5499021846878241	0.6400403677029631	0.48976698215723125	0.31567125781517125	0.5654372819428599	0.6457560311278346	0.47543327289433723	0.31526195004338864	0.5811998565571308	0.6362916985381993	0.4613024088591492	0.31022692700021426	0.619952677869315	0.6822363754538164	0.43181370138036507	0.2872222235007566	0.5824712832941561	0.6464984651148479	0.6302682883284921	0.326480971907465	0.7454331296591687
0.7311087954406147	0.6366852704209639	1.0000372195764365e-24	0.52811920668634	0.5591774750148006	0.6430556837912114	0.2403977210419564	0.4640795539897228	0.6459830250887257	0.55956830551609	0.29917834853936737	0.47565131054171644	0.6254449767637287	0.5478297920567693	0.3052517570274575	0.49556114976088184	0.623050628715227	0.5249137837368851	0.31513986383523784	0.5056257859213156	0.6237279341442683	0.5074553310136863	0.31998550662807596	0.5202648746599	0.6226736508018116	0.49151998438459743	0.32259111136213026	0.5352097824747656	0.6231174544197432	0.4742597798354092	0.32304322272667657	0.5506894403578059	0.6292832816470026	0.45927937696282645	0.3232366728470565	0.5668453486251777	0.6190960506258313	0.4440874549200225	0.31871458131568753	0.605966326332233	0.6706562339821006	0.41129247204896413	0.29586117108443355	0.5661101123608262	0.6310448235209445	0.6100898638644797	0.34212040996898896	0.7311087958352471
0.7174821266983207	0.620616752511273	3.6272226108969695e-27	0.5105461426922401	0.5454668460680074	0.6302351521521564	0.2485921962846987	0.4478777465542893	0.6317967370789848	0.5446187445077448	0.3074268117449069	0.46052730091093513	0.6102375604515113	0.5343482120065278	0.31162243625982994	0.48190865866777777	0.6067783729418216	0.5113914496000507	0.3210207482577835	0.49191120301801605	0.6075519510573361	0.4941034995334493	0.32566751803873095	0.5067233911233735	0.6061434687081386	0.4783531949293165	0.32812643230898303	0.5218132024889954	0.6066543829883517	0.46089306824937365	0.32859021759395873	0.5370666732244953	0.6132122057102576	0.445578010443888	0.32927653049511096	0.5535721348753198	0.6024044366271151	0.42966565439318705	0.32511262836314153	0.592840584004873	0.6592022961015983	0.3936218783722509	0.30242193599809825	0.5509792704428311	0.6164095311996315	0.5923191253161846	0.3555798734204558	0.7174821237085298
0.7048380231929648	0.6058716191419514	5.600838975926302e-26	0.4953177438308264	0.5329912485684593	0.6184453442813217	0.25528744502028344	0.433934820540978	0.6183079953339582	0.5310603152166237	0.313942285431948	0.4475619949917118	0.595870487211718	0.522181464061024	0.3164615254348858	0.4700820680472868	0.591340088722356	0.4993035174719886	0.32544540016151025	0.47983966517337734	0.5922041418637976	0.4823121543901787	0.32995046008361223	0.49463845246683963	0.5904471328368872	0.4669140234474592	0.33225157855762194	0.5097350266852863	0.5910501020533157	0.4494707516988056	0.3326787597791331	0.5246493827819404	0.5979475453079248	0.4340796138174467	0.3337457908840357	0.5414780015711076	0.5866452992269757	0.417757391681933	0.32978444465332774	0.5807438058677736	0.6481674514774369	0.3786584585311754	0.3072266641168704	0.5372951647740809	0.6028802352957845	0.576978024124257	0.36692173151623675	0.7048380174491776
0.693471156620469	0.5927432854402384	8.425890950191318e-26	0.48242988439217366	0.5219674982155398	0.607896257807296	0.26062892061771553	0.4221792307828642	0.6058996120164619	0.5190800776996625	0.3189579579671077	0.43666255399928844	0.5827275512445914	0.511442450015795	0.3200507564980438	0.4600117025903515	0.5771715331116728	0.4887187225398907	0.32869713311518656	0.4694091272295426	0.5781101100889029	0.4720918712732372	0.333109898479985	0.48406365860999384	0.5760290795920004	0.4571401944202329	0.33525325213927376	0.49907076891250257	0.5767449119924706	0.43986197842333175	0.3356140595183157	0.5135885345231245	0.5839342909519855	0.42458329882135354	0.33696171744025816	0.5307158690832289	0.5722721398558057	0.4081031123239729	0.3330736792255642	0.5698887818882421	0.6378979164087337	0.36625668823199115	0.31060631044639053	0.5252705383140408	0.5907552988834415	0.5640568807436266	0.37624179050247397	0.6934711498801952
0.6836737083067405	0.5815190297080746	3.580994268918589e-25	0.47187617834846635	0.5126054056512307	0.5988206539439354	0.2647628946942583	0.4125650475025463	0.5949811856153674	0.5088870112522149	0.3226964464070368	0.427769749499228	0.5712164270057601	0.5022909812317004	0.3226334392739553	0.45168185399313115	0.5647345633944924	0.47975715899023463	0.3310127242059781	0.4606729518319222	0.5657265882464512	0.46350950242575917	0.3353700389653052	0.47510978373238344	0.5633625311046481	0.4490293309524075	0.3373664731842207	0.48997222489470776	0.5642014461821504	0.43199632053788056	0.33764964986553064	0.5040872999933407	0.5716364623936706	0.41694244402351466	0.33919598113522564	0.5214811823229542	0.5597400799552843	0.4004814525597044	0.33529222815473075	0.5605193635212933	0.6287726978557593	0.3562855367382678	0.31287716502268426	0.5151075561989489	0.5803307394963207	0.5535318691136892	0.3836521409606919	0.6836736986587719
0.6757199888860272	0.5724662297113189	2.7878663078032546e-25	0.4636554762335675	0.5050973408777397	0.5914545391811992	0.26782356320449796	0.40507350327915553	0.5859611414672455	0.5006913091162297	0.32536089739535545	0.4208544705253531	0.5617422978094961	0.4949105143642379	0.3244148290300656	0.4451187963499893	0.5544849992344396	0.4725668606588265	0.3325901122625908	0.4537211904885632	0.5555098739852417	0.45666645969432657	0.33691629159282843	0.4679217061192375	0.5529163848936754	0.442621431224058	0.3387866684362663	0.48262301951931363	0.5538738335926924	0.42585146665091733	0.3389962752247104	0.4963745413720071	0.5615061817136372	0.41106111014636537	0.3406775678364564	0.5139910501232925	0.5494775972924442	0.39471752968616125	0.3367116804358461	0.5528897893363188	0.6211747969688423	0.3486371851599898	0.31432220753232243	0.506989400057863	0.5718845555136182	0.545376532422578	0.38926712077240344	0.6757199816386745
0.6698490350781443	0.5658166401060265	8.20770183377138e-27	0.457773195521023	0.49960727657940407	0.5860144208912743	0.2699237748590306	0.3997068807794753	0.5792117407052884	0.4946831335777896	0.32712582452309935	0.41590919519736264	0.55467337997001	0.489481827162146	0.3255613580548616	0.4403727644788325	0.5468328069391197	0.46729825665945013	0.3335913359365748	0.4486575174724137	0.5478745139555401	0.4516747916905572	0.3379010167999729	0.4626511362670328	0.545113324166022	0.43797810268224524	0.339674764179807	0.47720926725707546	0.5461691313581248	0.42143640505940744	0.33982566477356435	0.49067348120235227	0.5539465766321229	0.40688421633655675	0.3415931528235734	0.5084573334050841	0.54185622604767	0.39068360593331247	0.33755572817607615	0.5472387600484641	0.6154561358453516	0.34322987379258085	0.3151765650140431	0.5010710832374673	0.5656590671508102	0.5395679938959215	0.39319136314946534	0.6698490270554419
