1.0526369998230079e-10
7.607395734430538e-11
1.2198770998107899e-10
1.1437449384097481e-10
2.4911459242771296e-10
1.5201695709782776e-10
1.1867513802568253e-10
1.2664678822803917e-10
1.5022645278232726e-10
1.5599507875958726e-10
2.4422649135164375e-10
1.8475671579063997e-10
1.629353618168948e-10
2.404480119592323e-10
1.8803605993443762e-10
1.5836557574606894e-10
1.9017734891134206e-10
1.4208993694511197e-10
1.6182157726666836e-10
8.655171519629063e-11
1.0201524956250468e-10
3.0569611023920395e-11
2.4574818490114695e-12
5.1079770888466554e-12
7.549456481039415e-12
4.302589717622863e-12
2.90554425185245e-11
1.3462083645346759e-10
6.872703813020729e-11
1.9338744419026327e-12
1.2887832481212408e-10
