2.1419658828037705e-10
1.5021997259648677e-10
2.1416821533442515e-10
2.5456462437410404e-10
2.7989682212971626e-10
3.2645977215183135e-10
2.496022966374136e-10
2.876177058337532e-10
1.7998775337230632e-10
3.939271074048977e-10
4.1257044314113354e-10
3.24315227846729e-10
3.7553520187095206e-10
2.5392698043904546e-10
2.8504520469739164e-10
4.1472024347493946e-10
3.783758083166483e-10
2.634810405705496e-10
2.816893643425935e-10
2.2892508430892178e-10
1.453633596958362e-10
1.0483723274992277e-10
4.81840375529433e-11
1.4760947149543376e-10
1.2658871727077558e-10
4.1158494740896705e-11
2.7651716899098776e-11
3.833926077812801e-11
5.056977386956631e-11
3.213032494172378e-11
3.580434442341395e-11
