0.00387110774681787
0.0075913503096671775
0.009642239381719264
0.010849547026737127
0.015209699189654202
0.02114684165462677
0.030038770370083512
0.02321414956350054
0.002351914491100615
0.0022682566286675865
0.0023812274808960865
0.0024627101151411535
0.002381120549557636
0.0023186440798781405
0.0023823529618312023
0.0023976140928425593
0.0023557654039905174
0.002521417547541205
0.002607323222036939
0.0027191428525839
0.0027893231745110825
0.003055428998777643
0.0032599687401670963
0.0034803419548552483
0.004090198868652806
0.004804221331141889
0.0060186407645232975
0.008001919486559927
0.010900153080001473
0.01951522659510374
0.04422728065401316
