1.118454930089365e-9
6.916298336709201e-10
5.638270961647758e-10
8.505582190427957e-10
1.224332304585938e-9
1.2776193761429498e-9
1.3005105037639913e-9
1.4430517372066e-9
1.577303288846739e-9
1.4203751922296053e-9
1.621103416449398e-9
1.661286010884408e-9
1.7838462086604621e-9
1.89860950960589e-9
1.6588132634033792e-9
1.8349753999079912e-9
1.7499802721562472e-9
1.6434208810560928e-9
1.5903361759355284e-9
1.6280846407100024e-9
1.2782510633019313e-9
1.0950579662076484e-9
7.532599372321401e-10
6.901163749503058e-10
5.464168325157204e-10
2.8592903406937405e-10
1.729605718759327e-10
2.11472459135184e-10
1.7328497000020375e-10
3.977920466325443e-10
3.028108066661368e-10
