1.1944338840962957e-9
1.1713707997807606e-9
1.1472401212740697e-9
1.1222563070688318e-9
1.096696164229871e-9
1.0709426541017294e-9
1.04550090954732e-9
1.0210128720816851e-9
9.982866355725168e-10
9.78272425924029e-10
9.621089058229017e-10
9.510754313103243e-10
9.465332133684034e-10
9.49830072235928e-10
9.621433103596002e-10
9.842720603301e-10
1.0164268502432097e-9
1.0580684968322051e-9
1.1078679926827756e-9
1.1638208756527858e-9
1.2234909927663225e-9
1.2843119100149622e-9
1.3438461343770674e-9
1.399983307175001e-9
1.4510460803772756e-9
1.4958483686265521e-9
1.53370552135486e-9
1.5644183571168305e-9
1.5882084950506467e-9
1.6056120552273702e-9
1.617325801571357e-9
