5.689600819298257e-26	0.03524209349453212	0.9770287600727184	0.022707822066374315	0.03148710221750483	0.02988700166091376	0.9401758418833909	0.020534115084638604	0.029256055637912937	0.030686697414278652	0.9400039472756451	0.020481163688480943	0.029372265172360846	0.030677606947248724	0.939830096792804	0.02044976729066769	0.0293690999417995	0.03069069432268562	0.9398150187193353	0.020434021969015673	0.0293665005210349	0.030699879805280373	0.939860875912023	0.020377573791508508	0.029420290162048904	0.0305972160324996	0.9401070711841982	0.02011653631544889	0.02887032006369586	0.03296764899216678	0.9421581656493221	0.017970551440938908	0.0353717376371871	4.799389690894474e-23	0.9589564233339485	1.137856628389458e-20
1.428379875889655e-20	0.03866807690080781	0.9743990412257701	0.025280258636956734	0.034166184309823294	0.03230746805575724	0.9341812801078629	0.022715192447462774	0.03159357957069429	0.033338113785113546	0.9339017184609739	0.02264502047953739	0.031734468492004377	0.03332758426428794	0.9336787952447325	0.022600161491358805	0.03173124405664464	0.033347590318279566	0.9336582832677698	0.02257563384445728	0.03172744420419647	0.03336027211355992	0.9337226567306799	0.022494769156807915	0.0318016528655192	0.033238805244560674	0.934041598818375	0.022155326393743797	0.03109929158948316	0.03599077157475651	0.9365110432975475	0.019555684624533096	0.03882452022270903	8.102587584470941e-20	0.9547315344911376	3.205254206281896e-19
6.34773386445621e-27	0.04244214597352759	0.9714028687725077	0.028205812519768447	0.03704228888637942	0.034892089201380934	0.9275065311989223	0.02518310641136638	0.03408810934530521	0.03621962817180301	0.9270755230716471	0.02509048338904117	0.034257101231232504	0.036208458079616916	0.9267882920952106	0.025027374879887595	0.034254536454875084	0.03623960794501046	0.9267591020659792	0.024989575965343746	0.03424900776063097	0.036257588537059265	0.926849083352434	0.024873406019756142	0.03435104504312807	0.03611633221599106	0.9272628552010512	0.024431156448757804	0.033455871381868535	0.03930037155084949	0.9302380729201168	0.021277136526086163	0.04263108753387206	1.7557385303851938e-20	0.9500058531042986	4.95537664359981e-21
3.3969013708134966e-18	0.046594696422155066	0.9679791499730488	0.031542285759167954	0.04011641295185198	0.037641505582637444	0.9200649295845243	0.027987625337073566	0.036741029082558246	0.03935002271229036	0.9194228930805657	0.027866157026711837	0.03694126149399871	0.03934070563157328	0.9190521408587867	0.02777713013300147	0.036940533875424654	0.03938939353145049	0.9190104918496967	0.027718457605434947	0.036932486826047196	0.03941424110737245	0.9191366031043964	0.027550880557116707	0.03707248024924633	0.039252924569730244	0.9196747579683104	0.026973449067504297	0.03593436806819567	0.04292211691725916	0.9232609945620639	0.023143021608637696	0.04682303082293099	5.560261563602385e-21	0.9447128225897203	1.359279746467484e-19
2.1274171948384066e-19	0.05115694335277199	0.96405323137156	0.035359647014623734	0.0433859490579358	0.040554748446426106	0.9117559998642876	0.031188071439535024	0.039552042324119456	0.042749279542343206	0.9108273886789974	0.031028594329223523	0.03978567820728579	0.042745441181412824	0.9103495230763371	0.030902251362742023	0.03978884608065351	0.042820775159321305	0.9102910292965845	0.03081089273067153	0.03977733102941895	0.04285597842426523	0.910467814151127	0.030569100053545448	0.03996842476676167	0.04267770927317489	0.9111671609608591	0.029815545297300614	0.03852610152724538	0.04688554282321355	0.9154879295813266	0.025161451230171394	0.051433071467067944	1.0331122818560855e-16	0.9387746447636041	1.1038571086524991e-16
8.129128683641129e-22	0.05616094632207066	0.9595409688812845	0.03973760346877396	0.04684230217118294	0.04362727630502169	0.9024692604303286	0.03485722244251363	0.042518907432186503	0.046440971055559395	0.9011502711088981	0.03464973329355098	0.04278625729498671	0.04645003937430642	0.9005322862736236	0.034470746382581026	0.042796810549386194	0.04656698046093366	0.9004497840154148	0.03432941581520524	0.04278052590618623	0.04661765085015049	0.9006954415479109	0.03398093674333411	0.043040028879249674	0.04642912128963881	0.901603489082643	0.032997455207242725	0.041219136095092306	0.05122637311406208	0.906806106091606	0.02734129438316819	0.05649474299140437	3.072584932158988e-16	0.9320976245341239	1.8227101084421717e-17
1.2910485250564009e-24	0.06163861095093528	0.9543312572611018	0.04478005149273906	0.05047144250254945	0.04685404915100319	0.892061426682161	0.03909318673490536	0.0456381958652618	0.050453487828185505	0.8902160685656363	0.03882362343975162	0.045935634120486936	0.050487402446020936	0.8894189819045172	0.03856907496505009	0.04595923731637592	0.05066803070597094	0.8893050044497612	0.03835024037804676	0.045936611471888766	0.05074187928825818	0.8896458405311839	0.03784813391537683	0.04628685068699205	0.050555649001161	0.890824302586853	0.036564754377422334	0.043998244341710645	0.05598670622828806	0.8970829346234932	0.029691291641187032	0.06204196055660326	8.369122411578881e-17	0.9245723927897972	1.1390867037686215e-18
7.143532664130564e-21	0.06762142427686997	0.9482915678478373	0.05061074594029299	0.05425220784213229	0.05022697441074115	0.8803737797528821	0.04401335753135125	0.0489021801351106	0.054818781641155286	0.8778227439236488	0.04367065211969247	0.04922423445314053	0.05490109606706751	0.8767814543941559	0.0433099812384617	0.04926933955641877	0.055179760224522256	0.8766197626130376	0.04297332542831448	0.04923847703832	0.05528911647177716	0.8770894994785783	0.04224981220161332	0.04970806733896285	0.05512550925059619	0.8786228000693307	0.04057227731370235	0.04684496561774829	0.061221557479776215	0.8861507076493699	0.032221088197550894	0.06810852429877824	3.859143336130013e-18	0.9160657675861671	6.567824148156697e-18
2.9782200939515657e-24	0.07413985856433683	0.9412640440437275	0.057376231346290114	0.058155245903726366	0.05373523591217246	0.867222996487698	0.049760013725743735	0.052303924809178226	0.05957321474204891	0.8637471629312151	0.04932482526260222	0.052636043019954934	0.059737437012157196	0.8623940153586971	0.04881270646475938	0.052715718135368864	0.060164716042201846	0.8621694912078204	0.04829797484658402	0.05267449101009673	0.06032923463264409	0.8628107868573963	0.04726053984131728	0.053298875979959456	0.0602221834714856	0.8647940197653613	0.045074970053878505	0.049738418683101575	0.06699823066923731	0.8738241297007646	0.03493919428945568	0.07472735103468366	1.2802194985315998e-18	0.9064230816168763	6.767850026651204e-18
1.0266071127017875e-21	0.08122260420364054	0.9330503768546258	0.06525985349927589	0.062142016511746966	0.05736690450183168	0.85238564555139	0.05651870395741481	0.0558341122241298	0.06476185119663533	0.8477048129756213	0.055970981500758	0.05615376265184668	0.06506202093890613	0.8459455454380351	0.055244701032051806	0.05628690979512256	0.0657130412121477	0.8456356209958044	0.05446384274304903	0.05623308892922047	0.06596342535858682	0.8465026069767327	0.0529826576688966	0.05705582871841161	0.06596348972053943	0.8490586643703951	0.050141141509968346	0.05265542325188139	0.07340659735655988	0.8598657121105197	0.03785601121887449	0.08192993788342415	4.980111341424819e-18	0.8954561506133251	1.218975779964432e-17
3.3229192422744685e-22	0.08889584619169225	0.9234147968167798	0.07447784249252479	0.0661645578031486	0.06110720550132696	0.8356117682407357	0.06451058085924069	0.05948327928396045	0.0704350480323004	0.829381909452335	0.063826331029742	0.05975643998630527	0.07095241232213063	0.8270970082873447	0.06279832374044819	0.059969816486539776	0.07193616833065933	0.826672709188603	0.06162587723261618	0.05990138105714274	0.07232024764907415	0.8278303549872476	0.0595245332126514	0.06097450616386543	0.07250190981710103	0.8311063751011938	0.05584318101608337	0.055571761208483686	0.08056278276885387	0.8439989540024786	0.04098209025255421	0.08974546453939197	1.717755887035235e-18	0.8829436161058651	3.2318622730824365e-18
6.330987309923665e-22	0.09718223846299974	0.9120809366858779	0.08528102323972607	0.07016586686456287	0.06493844021746412	0.816628787703033	0.07399255512406211	0.06324372331561465	0.07664717474072248	0.8084419536862597	0.07314063578190404	0.06342194730536452	0.0774983651076439	0.8054852013071366	0.07169059154224845	0.06375217841372623	0.07896825533372909	0.8049115742072432	0.06995313956328338	0.06366733784593054	0.07955787442941512	0.8064342864612987	0.06699857877798135	0.06505101087089983	0.08002728047693297	0.8105997397041758	0.06225555612329178	0.058463264365491485	0.08861126460147695	0.8259134131014091	0.044327760446822594	0.0981995266153374	3.0251105284481367e-19	0.8686348880048589	2.77794823684656e-19
6.865215231192014e-21	0.10609966911613192	0.8987456283263922	0.09794001676399175	0.07408173797197833	0.06883805604003182	0.795169768967394	0.08523735250427077	0.06711247153110092	0.08344988324024084	0.7845662546025796	0.08417299171700171	0.06713024506467626	0.08479280344229241	0.7807681508837894	0.08214008592882147	0.0676255107568542	0.08695608335449798	0.780006479089734	0.07960837569454875	0.06752269106232801	0.08785503041377717	0.7819729202053358	0.0755055940568283	0.06928340251141907	0.0887603269616998	0.7872090324554893	0.06944686987898886	0.06130699705394847	0.0977219232125873	0.8052868924194349	0.047901878684481536	0.10731267509142464	3.5533960414511046e-19	0.8522631248223104	5.409983917602234e-18
3.982428784082521e-27	0.11565938767706047	0.8831105764153255	0.11271320480261288	0.07784500073246178	0.07277533842349711	0.7710245244782842	0.09849025796035875	0.0710963174770793	0.09087914040500947	0.7575258735530306	0.0971432641228264	0.07086828003408045	0.09291195901540676	0.7527071627056017	0.09432020021202278	0.07158927961295504	0.09603311250589078	0.7517213341757066	0.09070887760023476	0.07146627329229788	0.09738287828346752	0.7542048903918473	0.08510644787588356	0.0736731093644493	0.09892571078912565	0.7606828711547308	0.07746483819680719	0.06408247629696177	0.10807132540254002	0.7818388916288911	0.05170852894343237	0.11709793849378246	3.5174612274853204e-18	0.8335797218199031	1.9466650720781896e-19
1.5525358369475054e-24	0.1258629661115603	0.8649437359098356	0.1297870834371334	0.08139259890049863	0.07670704946615135	0.7441220879996293	0.11389315442143952	0.07521814404882905	0.09893499615667442	0.7272920721883066	0.11214999671720202	0.07463723762412916	0.10188065334880009	0.7212911851734337	0.10828378215768422	0.07565652759393621	0.10627109321310095	0.7200603885783862	0.10326597963869509	0.07550868204582924	0.10824940335078143	0.7231155769813412	0.09578056462999024	0.07822682625482325	0.11069565094214381	0.7309609797253537	0.08631478679830172	0.06677240271857722	0.11980090135469168	0.7554219077632022	0.055741790762391066	0.1275573689135866	6.69681708415607e-19	0.8124175938596456	1.2828256032087899e-21
1.1422620554178278e-21	0.1366982131525025	0.8441684866582757	0.14919198792590177	0.08467531800168962	0.08057380406212448	0.7146316371538279	0.13138355609487767	0.07952264757522785	0.10755707512642357	0.6941636379363928	0.12906728009081303	0.07845826749159884	0.11162859106082006	0.6868769717328369	0.12387195874127781	0.07985755386761745	0.11761556233004217	0.685414844468546	0.11711416793132859	0.07967518077427346	0.12042206305949905	0.6890621370084912	0.10737884321922408	0.08295697983117795	0.12410771139568984	0.6983084495582884	0.09593462375334613	0.06936275317704056	0.13295289480032668	0.7261386287184394	0.0599790940792888	0.13867687167193518	2.9277258783430958e-19	0.7887765024890032	5.356649888059923e-18
1.3408881852024581e-21	0.1481337081621174	0.820955894624176	0.1707182757001223	0.08766737099077065	0.08429993467677743	0.6830427090016139	0.15060370844675278	0.08407799385954419	0.11660603285572307	0.6588559375390043	0.14746071836800792	0.08237453275752572	0.12195457922083199	0.6502806908916686	0.14064632999459709	0.08423992794980041	0.12982905771494788	0.6486556211073596	0.131862382509372	0.08400564046250093	0.13365491559559473	0.6528701461104404	0.1195937113405976	0.08788036530203859	0.13898042036219943	0.663414686470584	0.106177216173465	0.07184257385016711	0.14739979674288922	0.6944438324211204	0.06437554967646461	0.15042059644970596	3.247344665263754e-19	0.7629057782265719	6.780640916144676e-18
1.733104201080865e-21	0.16011347319503638	0.7957678414840331	0.19388242448675722	0.09037146719851089	0.0878009108301261	0.6501611133169299	0.17088341292344367	0.08896879496269397	0.1258667733576342	0.6224695701217788	0.16658990239556054	0.08644401841741278	0.1325287191132336	0.6127286263938306	0.15790536642195604	0.08886013037195215	0.14248444348580946	0.6110764970097718	0.1469148318014878	0.08854808430709901	0.1474704944570873	0.6157873217794347	0.13197776026170585	0.09301313158977623	0.1548779037228859	0.6273713134923272	0.11681649572595963	0.07420323835452873	0.16280647002946572	0.661159106202515	0.06886347535508217	0.16272550190034213	1.8796438807996558e-19	0.7353352223845424	1.0056114953183182e-18
3.1491838620724675e-22	0.17255324892008045	0.769312071047263	0.2179782908059699	0.09281568289406796	0.09099774837849824	0.6169924455150688	0.19133302753655532	0.09428024269864342	0.13508106983142387	0.5863100494176418	0.18552916329086194	0.0907244623191106	0.1429483540326164	0.5756385544088894	0.17480934653580793	0.093768684557921	0.15503550059095272	0.5741561344953608	0.16157867207428153	0.09334749987923327	0.161232915314747	0.579258457599958	0.14402197021674581	0.09836338103858601	0.171165716554893	0.59148802458603	0.1275839086425521	0.07643842171292245	0.17866160277432558	0.627354193220885	0.0733603766120159	0.17549851507094436	1.8492438043026995e-19	0.7068145251945896	4.023175463585262e-21
2.4638443802725447e-23	0.1853396231725092	0.7424149147872755	0.2422042934867803	0.09504302302818159	0.09383326094301929	0.5845504376896913	0.21102251172701095	0.10007791953557515	0.1439983858345548	0.5516222062866561	0.20336818068086732	0.09525568824805362	0.15282933589275668	0.5403137292823816	0.19057071964413774	0.098993884868462	0.16694187145586312	0.5392305186859843	0.17521972572049083	0.09843342897971961	0.17429095300226466	0.5446072014903764	0.1552650628341044	0.10392352626251104	0.18714459085308155	0.5570142091431691	0.13822149810129628	0.07854483002124821	0.1943747657995082	0.5941343235961245	0.07778248215991894	0.1886166912814413	1.1369747368378363e-18	0.6781790961897209	2.765581526931247e-20
4.345456817194331e-21	0.19833173244828184	0.7158745123854939	0.26580476562829614	0.09709897971638673	0.09628246154625685	0.5536833264155239	0.22916015425391778	0.10639084486556022	0.15241986539277924	0.5193683740691715	0.21939380190079272	0.10004751755077239	0.1618868129884699	0.5077011941971554	0.20461495228544974	0.10453094800901908	0.17778596090773635	0.5072384738313797	0.18738910570752312	0.10381120451191762	0.18612078813676342	0.512781913845071	0.16538123427710286	0.10966522874247368	0.20219691706383525	0.5249024619239029	0.14852534990591656	0.08052326951887784	0.20939356489984337	0.562435333124664	0.08205739252668122	0.20193008058709777	7.397483744094591e-20	0.6502049423500933	2.98657977752123e-21
1.3340982240465732e-24	0.21136453538343392	0.6903582338171912	0.28816574293813624	0.09902228373878837	0.09835332505025143	0.5249875871897304	0.2451976418647522	0.1132015687972508	0.16021724470096274	0.4901372962361029	0.23317830234282974	0.10507617344428878	0.16997006593205988	0.47831101503664186	0.21664519710074742	0.11033928066674832	0.18732928241597127	0.47864337601251694	0.197868075622691	0.1094586141398529	0.19640401613981678	0.4842706330546643	0.17420991053490711	0.11553826097523633	0.21587953650404892	0.49571310889817743	0.1583597476430056	0.08237929064815577	0.2232879714520825	0.5329147476266693	0.08613028692806007	0.2152656344166718	1.0204538379208543e-20	0.6235154856822493	1.7870107191911745e-21
2.6233003500551174e-22	0.22425267997021434	0.6663667882306252	0.30884632787497884	0.10084053358683809	0.10007978047884761	0.49881300558755265	0.25884777854737057	0.12044249570532534	0.16732612026033267	0.4641776419966528	0.24457018346974807	0.1102868105011556	0.17704882302593083	0.45228124336972025	0.22661358803291515	0.11634548607739857	0.19550193550638587	0.4535127420769968	0.20663700806609073	0.1153258027369761	0.20502813732760958	0.45917141637769276	0.18173249634015232	0.12147208329815788	0.22794316387630825	0.4696568939237128	0.16764414248646894	0.08412253285462584	0.23578032456378392	0.5059514431626635	0.0899631375978326	0.22843139318614375	8.87089668661556e-22	0.5985578372232698	1.6907949159327317e-22
1.2304936850679787e-24	0.23679485303924924	0.6442466869881354	0.3275648760741505	0.10256917633147764	0.10151109372563358	0.4753188059231014	0.2700467186541785	0.1279959168735985	0.17372604576931344	0.44149419662588246	0.25363073288946913	0.11559798032698691	0.18317335981375457	0.42950946674886964	0.23464522615288969	0.12244823139043762	0.20235453527424752	0.4316680926015829	0.2138081945335627	0.12133550179083682	0.21203919693346146	0.43733461049922917	0.1880239349546847	0.1273785304182219	0.23830223388745586	0.44670721866933627	0.17632694994001483	0.08576451160286984	0.24673397859374277	0.4817100707033164	0.09352971579776559	0.24122083893353496	3.1295704108307054e-22	0.575626043131986	5.606636395532234e-24
1.6605332123954574e-26	0.24877892437825103	0.6242231138813704	0.34416704015934824	0.1042119830959887	0.1027013772794516	0.4545396353905379	0.27889858516476307	0.13569647064448598	0.17941987195853382	0.42194846729349783	0.2605611637912083	0.12090545101160935	0.1884318640699743	0.4097797193805094	0.24095990054114508	0.12852276608875846	0.20800449778286223	0.4128268313951524	0.21956043744540069	0.12738244349163275	0.21758246611924192	0.4185001307387232	0.19320586140636264	0.1331545114509736	0.24698788270806743	0.42671526013388333	0.18436155838095486	0.0873150379043108	0.2561229229252467	0.4602203157727096	0.09681009602909042	0.2534181127248779	1.4327886266550464e-22	0.5549012529548614	8.886801063822473e-28
2.673282417630993e-27	0.2599881603235263	0.6064343242645852	0.35859311378382436	0.10576182480999934	0.10370092143504754	0.43643992822230326	0.2856232191449646	0.14333665326727887	0.1844189585642034	0.4053360032546103	0.26564259876720153	0.12608551377806138	0.19291824214221448	0.3928521376935528	0.24581304998621767	0.1344251149183938	0.2125948057219269	0.3967003623292679	0.2240927260261522	0.1333329434849981	0.22185252715048132	0.4023935844656431	0.1974135684558054	0.13868457280013152	0.25410505189073374	0.4094942800762245	0.1916919458826445	0.08877802340308073	0.263998673357536	0.4414424257267129	0.09978621782003477	0.2648043942791747	9.199394054710993e-23	0.5364899773993528	4.968554604080434e-31
1.1563422135629122e-25	0.27020859824873167	0.5909600930659709	0.37085087439551856	0.10720159811910071	0.10454984549041887	0.42095164180486994	0.290512826119414	0.15067656336644572	0.18873501985394625	0.3914363237072208	0.26919290981334	0.13099890593333963	0.1967130587594892	0.37851269251016206	0.2494591494749856	0.13999706892553115	0.21626848371346508	0.38304603157514583	0.22759813900862963	0.13902676789054255	0.22505835092098767	0.38877804542436584	0.20077767280739656	0.14384385616587217	0.25980008623165896	0.3948682898715812	0.19824917892878685	0.09014752217554318	0.27046107136914127	0.42531139338501445	0.10243902596544274	0.2751654798869123	6.314026311846241e-24	0.5204538015634558	7.350618948247906e-32
5.812910594919944e-29	0.2792372154823461	0.5778429987961933	0.3809940342856301	0.10850562883979256	0.10527434389226695	0.40799767834727146	0.2938960495611291	0.15745843903768825	0.19237705910869418	0.38004112416032093	0.271536228053495	0.13549676537604738	0.19987557052254534	0.3665924973438566	0.2521320138931244	0.14507326543512744	0.2191555154650077	0.37168411174785476	0.23025192982204026	0.14428351836621853	0.22740134484601143	0.3774721642697099	0.2034160708255889	0.14850229566024137	0.2642380283597463	0.38269266630252985	0.20395616740419337	0.09140525396663488	0.27563457251361523	0.4117619248629666	0.10474700214048918	0.284300123821986	1.749570365899172e-24	0.5068299715836604	2.3212059286209693e-32
1.0093990403024427e-32	0.2868901635570229	0.5671034967725357	0.38910456683091316	0.10964188228803638	0.10588564489077135	0.3975050315326921	0.2961069551364676	0.16342490853083336	0.19535107789817796	0.3709683737284541	0.27298015358345423	0.13942902835274634	0.20244321846227986	0.3569686985767134	0.2540352619577908	0.14949057543188482	0.22136726374972984	0.3624939204091766	0.23220675938121865	0.14891413924086075	0.2290622805331416	0.3683482128713541	0.2054309887371591	0.15253056275841842	0.2675863289877622	0.3728575285151109	0.2087363489087179	0.09252055379634577	0.27964969831150027	0.4007396683267047	0.1066859778005296	0.29202824020662255	2.8236728700930955e-24	0.49564432442828715	3.2811777041630707e-32
2.0288780949141623e-29	0.2930101158163582	0.5587497737274171	0.39527724651326734	0.11057519930309356	0.10638177584287148	0.38941107268742364	0.29745788199384127	0.16833850167221348	0.19766090596660538	0.36406783907676377	0.2737979096777942	0.14265475490204188	0.2044354126756354	0.34955630790106135	0.25533807689303845	0.15309900379361616	0.22299459553243423	0.35540019602155526	0.23359058986914683	0.15273634983220302	0.23019371368450567	0.3613209951134171	0.20690775781125043	0.15580773683019164	0.2700020577513068	0.3652827540457795	0.21252234941888706	0.09345345751389231	0.2826290165342229	0.3922038516420703	0.1082302928954623	0.2981977292780099	2.6559610876519204e-31	0.4869179105358047	3.8825719938143154e-31
1.9939481306905573e-29	0.2974717220466288	0.5527838443732593	0.3996052945598507	0.11127143700607481	0.10675178651317978	0.3836660065005427	0.2982162377102855	0.17199912367878312	0.19930905595588633	0.35922258484733427	0.27421439537206416	0.14505265247149088	0.2058591432311875	0.3442982472370363	0.2561732280013278	0.15577206919264336	0.22410757375951626	0.35035817827372195	0.23450505754495873	0.1555908131682084	0.23091587539745292	0.35633539988978213	0.2079138387972712	0.15822960870837233	0.2716209722849718	0.3599112224745675	0.21526169721387373	0.09416065273027566	0.2846769705160345	0.3861257425964376	0.10935510204256607	0.30268910612802746	1.782656126259007e-25	0.48066914864279425	2.6059845048984226e-31
