1.49714781095819e-21	0.00025639597218883787	0.022970520763462683	0.00026340324612015117	0.03536645447004005	0.01699050304489891	0.01902716081131233	0.03147970645428737	0.02888083890894644	0.018854017830293997	0.019131574832459055	0.029266471842497175	0.02942943123816258	0.019076942005080647	0.019075913134266317	0.029379369634955025	0.029379503290888596	0.019139387487101513	0.018853231459676493	0.02942392793994385	0.029267363781957174	0.019043974019030612	0.016987623674784784	0.028907114925876207	0.03148198315511447	0.022970697432756985	0.0002486184921534353	0.035498470636172036
1.1803063646713526e-21	0.00031093174024166757	0.025599444143889864	0.00032067370094357233	0.038817483541796975	0.01839563628999612	0.0208567281958408	0.03415719748494302	0.0311129819528382	0.020623991862417555	0.020985037065317763	0.03160709673079478	0.03181337459568056	0.020909449471489528	0.020907708260694043	0.03174306362419827	0.031743217874438866	0.020996505995537845	0.020622661006463868	0.03180551858190273	0.03160836986290854	0.020878468864883516	0.018392066168079788	0.031147492003743643	0.034159380465140915	0.02560063540922236	0.00030955018597525507	0.03897897020765325
5.265231654643199e-20	0.00037762586177468956	0.028594373471851234	0.0003912666036444	0.04262170409233835	0.019903873363483555	0.02288171908185058	0.03703154467493289	0.03347367282894765	0.022567903569756322	0.02303816146400728	0.034105685751813615	0.034366202797814306	0.02293332267116973	0.02293055091493817	0.03426782168784139	0.03426804218897999	0.023054519155803806	0.022565797648439814	0.03435496948454431	0.03410770100759513	0.022909557517070474	0.019899415533388757	0.033518978560731646	0.03703329564461725	0.028596597824317744	0.0003870227355468297	0.04281970361612135
1.713903505892653e-20	0.0004592067274362179	0.03201610395121819	0.00047846621641457374	0.0468104310003844	0.021518310181842373	0.02512510953776828	0.040103887739571895	0.035957469656835134	0.024701165533347176	0.025312996255490265	0.036763865145568154	0.03709193777427168	0.025168096765238564	0.025163507085896323	0.03695450172664674	0.036955001412149156	0.025336819327728924	0.02469771902540945	0.03707591670595864	0.03676707116245901	0.025160187761788917	0.02151274771538743	0.03601690753169257	0.04010457847368736	0.03201841171027072	0.0004858907006994061	0.04705377929049972
9.20037277880836e-22	0.000559015186248979	0.035936344299475134	0.0005868705249146808	0.051416442145034755	0.02324171768137527	0.027612518776140765	0.043372103420574105	0.03855660849161106	0.027039681563865103	0.027834470222778733	0.039581599422669186	0.039993337237241695	0.027634955877593893	0.027627870521442565	0.039802049025804524	0.039802898920769866	0.027868792097338665	0.02703408713148535	0.039970509175518	0.039586768534710895	0.02765638101355124	0.02323462574364432	0.03863386595963518	0.04336998943960478	0.035938337793060444	0.0006125498103959644	0.05171585115916963
3.121045435048146e-19	0.0006810861409377851	0.04044096078702187	0.0007209677351484303	0.05647244419974371	0.025075286207495003	0.030372893458548204	0.04682774515502335	0.04125843245603167	0.02960011587380468	0.030630056080808384	0.04255704415838373	0.043071727464761095	0.030356927416284377	0.030345900226051277	0.0428064713292995	0.04280792657229226	0.030679705184002422	0.02959111695292962	0.043039237987071925	0.0425652421385265	0.03042808661666323	0.025067169299119365	0.041359390749469004	0.04682129820450912	0.040442952287314274	0.0007754038770786475	0.05684176913420305
9.542128780879182e-20	0.0008302829829403184	0.04563515946912592	0.0008877517529220096	0.06201195114118402	0.02702070042730967	0.033440985800108694	0.050458029749699186	0.04404849433886514	0.032399555065994824	0.03373012754148851	0.04568626839135976	0.04632685654348951	0.0333583069125076	0.03334138199230492	0.045960740863669414	0.045963247496221264	0.03380177473299068	0.032385256795727096	0.04628058323302963	0.04569930426227781	0.033509711430191255	0.027012035705459823	0.04418008086288364	0.050444179347224734	0.04563690169848947	0.000985571889076525	0.062468358743251955
2.817488638223578e-20	0.0010125451917825745	0.05164602186410112	0.0010958035698166065	0.06806806857863794	0.029079263104810953	0.03685966253045341	0.05424475189739282	0.04690973276482462	0.03545741862922067	0.03717259737868825	0.0489667977279837	0.04976011238231234	0.03666760257872115	0.03664354169883501	0.04925748574264426	0.04926183964635939	0.03727357806250101	0.035433860676594646	0.04969287972573629	0.04898618240146019	0.036941074432925936	0.02907127193954239	0.04707944897977459	0.054217031068986156	0.05164671234290688	0.0012577359044324515	0.06863292908313055
9.40496996877094e-20	0.0012348884106773983	0.05862113304269547	0.0013559235432332231	0.07467265146843097	0.0312521463071656	0.040663559149070695	0.05815906003254586	0.04981959067388059	0.03878643951066401	0.04098061455238914	0.05238574323341271	0.053363071231617897	0.040304186676720866	0.04026762291411985	0.052677771773891935	0.052685230279296134	0.04112552551369701	0.03874912132480124	0.05326757786240299	0.05241648564344293	0.04076201835608672	0.03124718320251474	0.050038839189169106	0.05811060017051209	0.058621259170825106	0.0016110007387597752	0.0753727338876234
8.316174957973452e-19	0.0015057989838470674	0.06673946906474928	0.0016821304171570407	0.08185577685219009	0.03354133134130676	0.044901433213782746	0.06216807881016787	0.05275547578965022	0.04240336162153838	0.04518937506561203	0.055936145362674154	0.05713317808132552	0.04429339478064614	0.044238298730980896	0.056205912100471565	0.056218538520082975	0.045396756934752105	0.0423444231888663	0.056997892394494584	0.05598469678816112	0.04501923224216891	0.03354382940877709	0.05303724891724899	0.06208659496061196	0.06673973518885395	0.0020704387967640184	0.08272451783105934
5.616467926652296e-23	0.001835292574648579	0.07620810655116562	0.002092323119966551	0.08964458322691754	0.03595001535499252	0.04961904054362994	0.06623121989995374	0.05569242485717231	0.04632077509448574	0.04982443618568728	0.05960767356511724	0.06106437367962193	0.04865321031702542	0.0485711744370779	0.059820568689045395	0.059841727961006626	0.050119623588453725	0.04622819193168321	0.060873356177001056	0.05968410673028745	0.04975745000795218	0.03596771390451666	0.05605225949922543	0.06609799293484447	0.07620830615445287	0.0026681815878818226	0.09072383242599509
7.64122109335848e-19	0.002235175470414222	0.08725690710454398	0.002609055093120684	0.09806193769053205	0.03848337596995925	0.05485711299951434	0.07030281198032487	0.058604584809751066	0.050547218907218555	0.054899746744497345	0.06338973584329546	0.0651496332498193	0.0533930965941367	0.05327273435500876	0.06349760223451618	0.06353257079429965	0.05531708755794342	0.050402761224618314	0.06488104425833485	0.0635095078693621	0.05501635667962812	0.03852912163129129	0.05906081071756938	0.07008938853915403	0.0872570207804998	0.0034446213462493865	0.09940387651381997
2.3171381779367648e-24	0.0027191693768032553	0.10012587898255232	0.0032601037649192715	0.10712473783718385	0.0411489460339101	0.060642764351522334	0.07433526563983701	0.06146624356661802	0.05508546369122814	0.06040957084179328	0.06727293627722426	0.0693813583747441	0.058508431683701845	0.0583352253018612	0.06721140710437574	0.06726827688277583	0.060994347158100155	0.0548622527610944	0.06900570153435456	0.06745956176165942	0.060820971656016735	0.04124333398771586	0.0620397845325317	0.07399895328127043	0.10012587869905222	0.0044487099860098895	0.10879454985646482
1.805675714227498e-22	0.0033028979935674128	0.11503637227641414	0.004078328519244831	0.11684148100595713	0.04395671390690262	0.06697678184898245	0.07828430982077232	0.06425278600769305	0.05993063199670362	0.066318511840882	0.07125118889422467	0.07375195961020546	0.06397469991488446	0.06373109494362107	0.07093728724315573	0.07102789255356398	0.06712872003301723	0.059589881887551155	0.07323030134238041	0.07153979516719328	0.06716929471315561	0.044131482148709	0.06496675645208524	0.07776204114520338	0.11503630433420875	0.005736484697810948	0.11892029934977875
6.356224450803309e-22	0.004003772860173095	0.13214855100142076	0.005100297315545401	0.1272090103954707	0.0469182049985271	0.07381988007941248	0.0821159743195305	0.06694175652400296	0.06506889770572472	0.07255313358488102	0.07532453919719875	0.07825457382582922	0.06974243757191986	0.06940915204200014	0.07465467160492009	0.0747953620351811	0.07366012718670761	0.06455669724644886	0.07753700152438794	0.0757662065507507	0.07401820759925373	0.04722035827857121	0.0678206243866553	0.08131651277674169	0.13214849291613828	0.007367043883666595	0.1297974243275778
2.5630413118113886e-23	0.004840415599566352	0.15150334476862753	0.006362960034995782	0.13820831169872888	0.05004418530604591	0.0810801029816324	0.0858145308471814	0.0695141220119738	0.07047723085040017	0.07899839307644461	0.07950195672877404	0.08288371553950832	0.07573541755464071	0.07529428442976788	0.07835090731063277	0.07856282880869779	0.08048527294687807	0.06972165480294165	0.08190869549543611	0.08016870271880511	0.08127063251314862	0.050540266737677954	0.07058210424824048	0.08460973826156484	0.1515033157126859	0.009394836029061441	0.14142984655886173
4.648615984131601e-22	0.005831682106914814	0.17296752944031768	0.007898440240152198	0.149799514099645	0.0533410047658316	0.08860947008305346	0.08938893658039397	0.07195568096254917	0.07612484502133503	0.08550439874946714	0.08380296352615305	0.08763539909990838	0.08185543016360519	0.08129336648123248	0.08202443549031996	0.08233287450411216	0.08746209807230569	0.07503460484481776	0.08633065729126091	0.08479234379604669	0.08877281138762129	0.05412086252128308	0.07323433086188745	0.08760541152236587	0.1729674416414399	0.011859226987349614	0.1538042042280627
5.059733515037831e-23	0.006995528234393845	0.19620382680965612	0.00972806395749281	0.161917168140559	0.05680642387648925	0.0962157529556139	0.0928748079118899	0.07425888402414717	0.081976431120699	0.09190587212049088	0.08825653962099496	0.09250626087878085	0.0879944665660458	0.08730794138300532	0.08568595361449906	0.08611817703749423	0.09442653875484067	0.08044207781427916	0.09079164436889388	0.08969462637216138	0.09632645225591525	0.0579852320717813	0.07576403163688343	0.09028785479680095	0.19620373236940666	0.014773862488168647	0.1668839834429022
1.9027566889983734e-20	0.008347505720431357	0.2206885456895858	0.011857434691763934	0.1744666860923967	0.060426208692515734	0.10369028782302979	0.09632962738987287	0.07642458598129147	0.08799561258323797	0.09805031616805254	0.09289596478617451	0.09749116178963099	0.09405173591963827	0.09325031030561311	0.08935614875276712	0.08993821730776286	0.10121941628191924	0.08589387804556588	0.09528327236969852	0.09493751193401678	0.10371751455803187	0.0621440290024197	0.07816249836151345	0.09266208692965319	0.22068846492784047	0.018120100479910636	0.1806042698020365
1.4878382888482641e-22	0.009899255291790674	0.2457785913425711	0.014274444444438587	0.1873230022962523	0.06417292082823622	0.11084301045608203	0.09982180262014435	0.07846327716583033	0.09414687446690023	0.10382446404897874	0.09775022299630823	0.10257944040479505	0.09994907754941051	0.09905625908174895	0.09306014854227805	0.09381327601685638	0.10771360901670354	0.09134795290082622	0.09979719811132028	0.10057533768571875	0.110752273844308	0.0665912467470403	0.08042644209631991	0.09474902541496102	0.24577854803969784	0.021847397389990274	0.1948680556766425
1.8616357728363075e-20	0.011656948870821023	0.27080439293762804	0.016950739294384065	0.20033205209508897	0.06800727655898131	0.11753129681207786	0.10341668583174161	0.08039514002973376	0.10039411214950367	0.10916825565423238	0.10283410866557689	0.1077507142709771	0.10563836435644697	0.10468916795450958	0.09682026387692048	0.09775769269730894	0.11383033793367203	0.09677101591483643	0.10432077813521537	0.10664133329104729	0.117287095388905	0.0713026034389016	0.08255827840128278	0.09657809939743603	0.27080433842237756	0.025880557290334127	0.20954445393935003
1.5823819315990928e-21	0.013619405532408776	0.29515311040816844	0.019845081722567447	0.2133145214671901	0.07188098407496356	0.12367209341582303	0.10716353576102473	0.08224834962685755	0.10669600267640546	0.11407173236873727	0.10813957060600628	0.11297136488279348	0.11109844064834713	0.11013405902003233	0.10064901917022462	0.1017742029557891	0.11953914871076926	0.10213458651735118	0.10883268513828237	0.11313592965607977	0.12324111238149935	0.07623581780317533	0.08456533279260342	0.09818025987732075	0.2951530820860892	0.030130080271210637	0.22446872279874497
2.7482313223923807e-23	0.015775750824532808	0.31831817045022426	0.022906662053390217	0.22607145443209586	0.07573974178482885	0.129236376563986	0.11108560728982196	0.08405535589183125	0.11299972145751308	0.11855918555082273	0.11362984820723498	0.11819257895177598	0.11632405374206758	0.11538532215462144	0.10454373543765927	0.10585005826092836	0.12484428325169497	0.10740830307955804	0.11329977300433361	0.12001837850741252	0.12859066687755635	0.08133122138185693	0.08645783757095696	0.09958343175225048	0.3183181327583	0.03450116230386206	0.2394434817139763
1.907799845715087e-26	0.01810239824995877	0.3399114703387641	0.026076594067804097	0.23839134875077084	0.07952519542283758	0.13423252799348268	0.1151734247184581	0.08584715042087977	0.11923526962515832	0.12266876651023037	0.11923663035855014	0.12334999458758532	0.12131198624128818	0.12043328767311777	0.10848264425332002	0.10995439111564015	0.12976532867450227	0.11255295457590458	0.11767602256226964	0.12720174743392132	0.13335228704414703	0.08651177866978066	0.08824605597836671	0.10081057905719511	0.33991144045189553	0.03889874258303823	0.254240906315395
2.95460636148483e-24	0.020559926096724107	0.3596512722152403	0.029287802734118205	0.2500584862178009	0.08317589267395151	0.1386870754405831	0.11938089693175917	0.08764591758488352	0.12531235672760668	0.12643463815859454	0.1248600520315414	0.12836469158784972	0.1260487989709359	0.12525376401393534	0.11242220080094492	0.11403635863612424	0.13431914733304165	0.11751525417036553	0.12190316884369404	0.13455122683707027	0.13756262566985808	0.09168256426581471	0.08993669923205422	0.10187954417671788	0.359651248416556	0.043228638220040846	0.26860605509591445
1.7261316250963193e-26	0.02309026899246702	0.37733971028418667	0.03246380340729964	0.2608622219942023	0.08662752792967558	0.14262852407648138	0.1236240053077938	0.08945699569713593	0.13112072489565021	0.1298750945472305	0.13037148681803162	0.13314527426064124	0.13050264257265126	0.1298023077875492	0.11629549473363252	0.11802414199284421	0.13850734504736506	0.12222551297024732	0.12591242483517265	0.14188590179795293	0.1412612494014284	0.09673063298040752	0.09152932908155872	0.10280364336019643	0.377339699683407	0.04739621850596337	0.2822618805903127
5.351241374173045e-27	0.02561542062939349	0.39284037774497266	0.0355178668145326	0.27060646456108484	0.08981327661827415	0.14607671158193367	0.1277830267531103	0.09126182963175014	0.13653410154816814	0.1329870372112955	0.13561939238078904	0.1375908452975719	0.1346200304079043	0.13401343695934273	0.12001250239901239	0.12182559697034229	0.14231023145938768	0.12659852683817563	0.12962687424185354	0.148985043176129	0.14447891616509292	0.10152657508356878	0.09301342802627545	0.10359245283336825	0.39284036414429674	0.051304560742200925	0.29491645995986915
7.397019756155521e-31	0.028038517106788015	0.4060601522241084	0.038353655727255305	0.2791183182938297	0.09266479810652686	0.14903787023249496	0.13170919996594677	0.09301406225988354	0.14141721092899462	0.13574591525934201	0.14043835558032755	0.14159509799702452	0.13832747834160664	0.13780426463112233	0.12346322288810967	0.125331659851404	0.1456868048551651	0.13053754963553135	0.13296444721794665	0.1555996852898782	0.14723158421902288	0.10592870503884946	0.09436702649127912	0.10425256485957438	0.40606014539672713	0.0548536876661841	0.30627291759829944
1.063595366568568e-29	0.030248388570804998	0.4169362393998107	0.040868483304498625	0.28625449477999826	0.09511432860891478	0.15150445504832144	0.13523626610802458	0.09464093196537056	0.14563486213721877	0.13810988418170458	0.14466075746883106	0.14505166474144437	0.1415374732298489	0.14108158095577467	0.12652452780424325	0.12842315077762229	0.1485795830653247	0.1339407933407701	0.1358417346858883	0.16146943732468816	0.14951956264335012	0.1097903524244127	0.09555756809826102	0.10478834355694028	0.41693623102825983	0.057942080699143556	0.31604201904178497
3.283024474578203e-30	0.03212799178127722	0.4254272001550428	0.04295940570339925	0.2919043027640367	0.09709791970565622	0.15345853706878088	0.13819589702650206	0.0960510040168781	0.1490616734929614	0.14002697565719957	0.1481296095801214	0.14786054734763535	0.14415762378702598	0.1437510874391057	0.12907052038015487	0.13098059526275285	0.15092275500841887	0.13670952143978454	0.13817884125569146	0.16634292648381152	0.15133056509906692	0.11296975377262627	0.09654526740136801	0.10520262270202518	0.42542719429234677	0.060470955826747705	0.3239569260684823
3.823737732275519e-30	0.03356594161491566	0.4315068446738926	0.0445317720551017	0.29598901012162504	0.09855950674408152	0.15487726662207976	0.14043478478697305	0.09714755726973041	0.15159102431370586	0.14144383665878418	0.15071056954303796	0.14993501317176802	0.14610135056397264	0.14572721965061555	0.1309850907325521	0.13289557696326582	0.15265183661472764	0.138756506273023	0.13990505169188452	0.1699989675756662	0.15264530203893198	0.1153412914556621	0.09728869723125445	0.10549727218203134	0.4315068351273083	0.062350979568057054	0.3297888983170668
