124.99841098033588
116.24124561623543
107.13679422464975
97.64668476161648
87.72783425892976
77.33179856246751
66.40378698614467
54.88138214973075
42.693946827728595
29.75974209757695
15.984354693923496
1.25765487864038
-14.549912921881546
-31.592137900523994
-50.05336057359659
-70.1569148011517
-92.1767098863493
-116.45359177510721
-143.41907247887877
-173.63056560029827
-207.82482549651704
-247.0009574115146
-292.55338845750737
-346.4934209118787
-411.8368649319398
-493.32396886627083
-598.8596131058622
-742.6823814745825
-953.2881547173715
-1297.2018271171166
-1974.0645584873732
