158.8559519652836
147.4623953664527
135.61147891583212
123.25298930171758
110.33057724706727
96.78087411944807
82.53218283990827
67.50292134295321
51.600641850226424
34.71830731235278
16.73218843901135
-2.5021848483393114
-23.154928271199246
-45.42812543214768
-69.56405262043144
-95.8561013486144
-124.66373411733366
-156.43374692087724
-191.7314382666413
-231.28720667319647
-276.0673053164465
-327.38346516418045
-387.06801281684636
-457.765212922904
-543.4407580727055
-650.3280087881492
-788.8210442257632
-977.6405038699583
-1254.2497971098858
-1706.1055724279356
-2595.660925058218
