108.06964382757306
100.63067598126405
92.89945893533213
84.84354429299039
76.42648208288838
67.60729222600321
58.33961867976632
48.57078416997039
38.240756392192
27.28071724650815
15.610850936288676
3.1382120466079155
-10.246451976087124
-24.672760022848706
-40.296031190018795
-57.30445907178974
-75.92895732479448
-96.45702551682511
-119.25279202836785
-144.78666043040616
-173.6802139734019
-206.77600124927122
-245.2494393800017
-290.79541246669265
-345.9548442322043
-414.72126585292466
-503.7542182007914
-625.0492470391657
-802.6136080869333
-1092.4941170028512
-1662.888758415883
