4.59965614690367e-9
4.552115657433824e-9
4.50020073997478e-9
4.443587809600526e-9
4.381942576914679e-9
4.314938052310802e-9
4.242212456684543e-9
4.163392350853645e-9
4.078094300363307e-9
3.9859029427017314e-9
3.886380164477041e-9
3.77910231903736e-9
3.66371225614521e-9
3.540031985225424e-9
3.408222538085529e-9
3.2689868141806527e-9
3.123738249478107e-9
2.9746469709480356e-9
2.824483352818534e-9
2.6762795694611623e-9
2.532929811951315e-9
2.396860863503787e-9
2.2698929718760317e-9
2.1532536886521e-9
2.047707351748599e-9
1.9537059393125298e-9
1.8715365727374026e-9
1.8014206087533745e-9
1.7435762300534796e-9
1.698235779566958e-9
1.665635099086753e-9
