8.088139883024173e-10
6.642193499749487e-10
4.3389540785203797e-10
6.150796567116822e-10
7.913756517613143e-10
8.917077260709739e-10
1.1669581741313879e-9
1.2197809195239533e-9
1.0772909890811874e-9
1.1820675525699336e-9
1.5198946618519785e-9
1.3374393834417782e-9
1.3199618407751745e-9
1.404164626125954e-9
1.322266336835235e-9
1.411878607796697e-9
1.3249173118887325e-9
1.4510782565993524e-9
1.2677871984883783e-9
1.1281323869301845e-9
1.0932294017978888e-9
7.869465275308792e-10
5.715082531592376e-10
4.4055022532845394e-10
3.180490081987406e-10
2.7815881282255456e-10
2.1705056879008467e-10
2.573296146656405e-10
1.453491129262704e-10
1.0309270474045219e-10
1.5294429631509774e-10
