-7.947598959194998e-10
-7.452579525217555e-10
-6.890476295250889e-10
-6.251257208532543e-10
-5.523357957898039e-10
-4.693158929757887e-10
-3.744985082707764e-10
-2.660331795178239e-10
-1.4180586320317486e-10
6.186214397482377e-13
1.640582406229164e-10
3.516287834656369e-10
5.666484255462963e-10
8.123521554542829e-10
1.0914176684516412e-9
1.4052884506040014e-9
1.7534495446481566e-9
2.132953508222408e-9
2.5384923933718468e-9
2.9630220263964945e-9
3.3986613824356576e-9
3.837455739671216e-9
4.2717722617489685e-9
4.694354099503861e-9
5.098206600202323e-9
5.476468085068322e-9
5.822349544941488e-9
6.129187885411563e-9
6.390614602447412e-9
6.600810161932713e-9
6.754811408446063e-9
