1.989782481660868e-9
1.993359097510066e-9
1.9976222100172443e-9
1.9994022380152914e-9
2.0039488463374733e-9
2.0079838438356064e-9
2.0142255368810294e-9
2.0178716680129583e-9
2.023273369935071e-9
2.0294474480948437e-9
2.034370586965625e-9
2.039704326819551e-9
2.044519822928616e-9
2.04886009321017e-9
2.0518876711604494e-9
2.05516817959335e-9
2.056132031317147e-9
2.0551027130602973e-9
2.0521249558059936e-9
2.047111278555998e-9
2.039827356945765e-9
2.0299075257800066e-9
2.017957421337767e-9
2.0052884019995157e-9
1.9919571931147593e-9
1.977949887994727e-9
1.9647025283429558e-9
1.953162086971539e-9
1.943096143873368e-9
1.9349882680525986e-9
1.928569759231334e-9
