-8.574298587587702e-10
-8.372883278359424e-10
-8.13055903878586e-10
-7.884714108108124e-10
-7.602038492452975e-10
-7.284159296943134e-10
-6.920899394806707e-10
-6.524293904517759e-10
-6.084026273010105e-10
-5.55986746437337e-10
-4.962271278924159e-10
-4.299146362097546e-10
-3.539719714668489e-10
-2.670015880738547e-10
-1.675315724543493e-10
-5.6661887693531236e-11
6.577569565766089e-11
1.9916795769599026e-10
3.3874238349089473e-10
4.807535350637167e-10
6.239469969833641e-10
7.625602858068223e-10
8.969016710824471e-10
1.0230112424765046e-9
1.1397810066587461e-9
1.2464146760245553e-9
1.3406559351682816e-9
1.4229966224786618e-9
1.4912412000355523e-9
1.545413594048154e-9
1.5846423516935718e-9
