5.34358268599384e-10
5.60588836111433e-10
5.920780776052243e-10
6.241367168635514e-10
6.614504257631579e-10
7.030773020911256e-10
7.487993073533145e-10
7.993138650765954e-10
8.591064485574496e-10
9.228932954463683e-10
9.946200169491233e-10
1.0745284548039574e-9
1.1632634250643712e-9
1.2615152233035855e-9
1.3679424731326219e-9
1.4833280856012134e-9
1.6045715553737611e-9
1.7306267033829715e-9
1.8595316857889897e-9
1.986794660047105e-9
2.1108256180094616e-9
2.2277822881908853e-9
2.3370793449806235e-9
2.4367802715553255e-9
2.5250176464332705e-9
2.6026925430641706e-9
2.6695008752104155e-9
2.7260107255942288e-9
2.7714948453386973e-9
2.8063289418727084e-9
2.83141555809761e-9
