0.0017158435857709264
0.004039294713948038
0.005316374774338328
0.007385148293906241
0.007517025667766575
0.010485709642125585
0.014746085791102814
0.011204699834252096
0.0012437290151865454
0.0012166598070280088
0.0013460519925274639
0.0012575621739223664
0.0013304673353502494
0.0012959285545548482
0.0013134989048921852
0.0013766519632554264
0.0012868957819591742
0.0013374388108786661
0.0014216400577424793
0.0014186169937602244
0.001417537103407085
0.0014824351528659463
0.0015981889300746843
0.0018120634922524914
0.002007156072068028
0.0023620602441951632
0.0030418484238907695
0.003974964609369636
0.005784555687569082
0.01034739357419312
0.0233597862534225
