8.033952087964453e-10
6.437416223838551e-10
5.598115881940834e-10
6.803301003845279e-10
7.344068925365012e-10
9.563283474289444e-10
1.0252141905907836e-9
8.667325517921576e-10
8.673548273975056e-10
1.0396851247136394e-9
1.1757206411391999e-9
1.0973509155014307e-9
1.0700386536546886e-9
1.1200551568023639e-9
1.2042150832804418e-9
1.0190693642621034e-9
1.1267614148773373e-9
1.075233937391226e-9
1.013188900243288e-9
8.087400925398245e-10
7.570948595234149e-10
5.392766093102582e-10
5.727079126520788e-10
2.7645901122074563e-10
2.802921898081318e-10
2.0739431957259814e-10
1.8796866067251624e-10
1.44477115528273e-10
9.070668961876045e-11
6.291305720023391e-11
1.355603702209448e-10
