5.17866690959339e-9
5.193928601690806e-9
5.211268084042769e-9
5.230622949825694e-9
5.252000456868589e-9
5.2732057159400125e-9
5.296834784361714e-9
5.3228143078590234e-9
5.3517077850353945e-9
5.3808436010529225e-9
5.413164479596342e-9
5.447438584443591e-9
5.4828490648620914e-9
5.521171937538657e-9
5.561674552431017e-9
5.603705330145177e-9
5.6466906611442684e-9
5.691388824756863e-9
5.7385171600554806e-9
5.7857266766929325e-9
5.83382898484396e-9
5.882306783148873e-9
5.9296142213805826e-9
5.976533828843506e-9
6.020820367584069e-9
6.06238127320818e-9
6.09985568804366e-9
6.1327020407354534e-9
6.160117091094656e-9
6.182300766253246e-9
6.198697037505193e-9
