3.341925965590484e-9
3.360044412596344e-9
3.378924920013068e-9
3.3987934578905125e-9
3.4220408819569907e-9
3.4453084353789986e-9
3.4696636683955837e-9
3.495450224368359e-9
3.523541066520872e-9
3.5508234011448256e-9
3.5792263486432624e-9
3.606960491931092e-9
3.633983441205735e-9
3.6566449138354384e-9
3.675242928952325e-9
3.687426513890281e-9
3.6905123592189803e-9
3.682765090069824e-9
3.6644253847238697e-9
3.633722418859858e-9
3.593336963396397e-9
3.5436883139794844e-9
3.487427669553396e-9
3.427404573771346e-9
3.365079445805955e-9
3.3029745319810785e-9
3.2444101420611308e-9
3.19052382852204e-9
3.1436334593677597e-9
3.105727481380447e-9
3.0775864128767032e-9
