-0.0010062007777378312
0.00011638375826805714
0.0006886788451083703
0.0014990261765888135
0.002610556494573757
0.004117455885079835
-0.0004199042316486157
-0.00039990050879623595
-0.00030267903480307723
-0.0001997147751353623
-0.00012133040124240324
-5.8148746617803226e-5
-1.1932703408490397e-5
3.940667100543749e-5
0.00010243898513806471
0.0001637330094013123
0.00020112733739097166
0.00024592751583440986
0.0002855310685845325
0.00031994392884371337
0.0003492555779303075
0.00037361694739956874
0.00039331120751739945
0.0004087434026587289
0.00042035660226247273
0.00042875979488599114
0.00043463267502374947
0.0004382077604532242
0.00044042555964551866
0.0007851288828533143
0.0017687358194962144
