6.764861543731344e-9
6.677174716007614e-9
6.581638771981008e-9
6.477775009550797e-9
6.365124286944367e-9
6.243246444446029e-9
6.111721821475525e-9
5.9702493923646555e-9
5.818519957821041e-9
5.656303603276353e-9
5.483439905758875e-9
5.299853208186787e-9
5.105568448532222e-9
4.9007377001755445e-9
4.685665040882245e-9
4.460851893956376e-9
4.227046359191931e-9
3.9852980710995035e-9
3.737022592621171e-9
3.4840640560863616e-9
3.2287581688997545e-9
2.973967222827948e-9
2.7230860977713553e-9
2.4799739104290366e-9
2.2488128803406138e-9
2.033887211539086e-9
1.8393202160883187e-9
1.6688252891147344e-9
1.5255168768909119e-9
1.4118238790747095e-9
1.3294967701412393e-9
