0.0027549624173843767
0.007643800086952979
0.010671163679944584
0.015962609199050348
0.02384337972398498
0.030001160646861535
0.03008829305326799
0.002523016667510092
0.002815145474869496
0.002981751672905375
0.0032821666392237603
0.003496966552045677
0.003679380181893066
0.003848934471989196
0.003912120670065633
0.004106380616576644
0.004247097509505693
0.004459715248231078
0.004587865449138917
0.004668874491471797
0.00480175887059886
0.004892592231044546
0.005006520164897665
0.005297796335071325
0.005796597397420555
0.006759728188626468
0.00835888902656734
0.010743425460532308
0.015357970027253032
0.027182443533092737
0.06094534881412983
