6.9753419611193525e-9
6.86241799531111e-9
6.7388412819485805e-9
6.603815505387052e-9
6.456509865472846e-9
6.296098132608168e-9
6.121730306819477e-9
5.932494592572446e-9
5.727636819943337e-9
5.5062171324619326e-9
5.26731575699487e-9
5.0099854462604755e-9
4.733303931239796e-9
4.436535689668924e-9
4.119493496399541e-9
3.783105143500114e-9
3.4300165761146605e-9
3.0647803674461527e-9
2.6933153712223585e-9
2.3218756095755343e-9
1.956169318819459e-9
1.6010321895061517e-9
1.26053570035763e-9
9.382632755486795e-10
6.375486066720611e-10
3.616309894796688e-10
1.137211078784457e-10
-1.0300687858525548e-10
-2.8548044231446917e-10
-4.3084992635309646e-10
-5.366433515893549e-10
