0.00491290535137523
0.010607891708787065
0.014674782043584855
0.02152976237630355
0.03134012512600748
0.04512479794175306
0.03113222951105854
0.0036834432094110525
0.0038479211762023624
0.004214353015186134
0.004477838445495763
0.00444772813116856
0.004732203801950163
0.004866624793066876
0.004804144322406501
0.004892039702099282
0.005045922593126306
0.005119786939758342
0.005158568703336641
0.005167200419236906
0.005016340175643563
0.005031394714023918
0.005011886358261108
0.005261818005237728
0.005744886817410588
0.006830923957750201
0.008570066653192043
0.011891671223565936
0.01803344441577792
0.03185356594622135
0.07124710641801357
