-6.95330026536435e-10
-6.405093553701319e-10
-5.800517835714531e-10
-5.15167392016343e-10
-4.4220213961100865e-10
-3.624994983412876e-10
-2.752125755955627e-10
-1.820921573413627e-10
-7.957677497791126e-11
2.985845233825277e-11
1.4850751033862775e-10
2.760888127905819e-10
4.107880617864145e-10
5.53973001603701e-10
7.031593821299046e-10
8.564018083528826e-10
1.0120051357616134e-9
1.165693497802909e-9
1.3148001233797286e-9
1.4562385998975745e-9
1.5865624811208029e-9
1.7056343959352775e-9
1.812331169626199e-9
1.9056966393926076e-9
1.98805411147296e-9
2.0573715540087038e-9
2.1157255410993322e-9
2.16442923256738e-9
2.2029130718105966e-9
2.232088576091589e-9
2.2526208132758376e-9
